250,0.743726198321049,0.5973920751936936,-0.6058812674143139,0.3724394744283845,-0.9072289169950738
102,0.6269428907404911,0.12194334179815142,-0.5808789175495607,0.0426297670180918,-0.6436848764821189
230,0.23357985485782934,0.37693246990012813,-0.45239470282087996,0.25038271792817884,-0.2766507995917377
289,0.4316320265422647,0.594773950626411,-0.7831873868894322,0.7391247224535469,-0.9474469064219617
154,0.2304654552355369,0.8572493766384065,-0.5080729966336053,0.5855582220719658,-0.796009618265863
160,0.15124757618873236,0.8263208955207759,-0.6282796646707756,0.4426665410331478,-0.7028365580990034
119,0.8472134987117118,0.11786617581077224,-0.14925374446280243,0.30830483971885464,-0.9113064300505691
168,0.9248663020686262,0.06839820587593298,-0.9722752772675746,0.18539286763524737,-0.4423374577445294
243,0.7978843296281852,0.7370679835105287,-0.10212941793499514,0.8766579560072897,-0.5822546552397205
239,0.6363851290063592,0.11762583004707189,-0.9113335421965921,0.5445477543346253,-0.9642662005777585
100,0.6647142061483662,0.857110005348712,-0.9240338530944118,0.527801271973488,-0.8212156037257229
176,0.26986785117406903,0.9530350579646727,-0.06087878435429101,0.13537304198722672,-0.4171889635441493
147,0.10394200597940711,0.2101317509940605,-0.16469068716167884,0.7721262165591813,-0.5835192932482084
216,0.3305299647058256,0.7289447642237155,-0.6851515659905566,0.29603290289526335,-0.1872218689880099
144,0.5719162977237178,0.6551711101302782,-0.5890667292271236,0.6249378776830392,-0.025038357855779077
187,0.9136149898788805,0.8635449490470753,-0.6070004418120035,0.9813505538328665,-0.30890513879190223
165,0.03592155400388259,0.3880681232537559,-0.19561594302658342,0.5555642251858152,-0.3510064910263215
319,0.13310459820878712,0.7745062399622331,-0.015197304704525799,0.6356686091515462,-0.47344822559164274
262,0.039380885498572944,0.4401629595533943,-0.1197889963332594,0.7848025250952486,-0.308443307359526
176,0.857820728952456,0.8932205691480394,-0.42216352870660484,0.9155660742603755,-0.17656216335985092
500,0.9161430825710436,0.7531450972167459,-0.9598333522071347,0.15440323682156748,-0.25508485079382376
243,0.5938587940259892,0.8628581662606921,-0.0867356952808262,0.8780163787382012,-0.5704500372402559
119,0.8001887304788782,0.9419058578586605,-0.9093026251559596,0.004587737842535583,-0.468626720106097
119,0.7016093219327605,0.7189343564533017,-0.15264977625080794,0.4530374110056761,-0.34766018809081517
260,0.6003417124849711,0.01604208278754011,-0.6642401416615167,0.2775144137638668,-0.07722533227559397
182,0.4840344267595413,0.9338249104062725,-0.9279962211594958,0.07222416079958399,-0.2706911796723404
183,0.8722489228048076,0.03999776189731314,-0.2688709652199616,0.9639209264291395,-0.523324508252812
206,0.30649182671577485,0.0031699831119395613,-0.5173636024932361,0.1812180739224622,-0.11201833850775861
284,0.932263636894486,0.6847798167790454,-0.9753370041710132,0.6938748942355634,-0.5450382786714502
169,0.2218017803935341,0.4739896709821186,-0.333562795613159,0.30315159877471215,-0.16135070762563136
131,0.6094613419046115,0.12160968567966518,-0.8308469822319015,0.10672118113654011,-0.6851567099637428
186,0.42971044290659904,0.10805353481322783,-0.28027776485985384,0.08971722048277925,-0.4711984673116077
178,0.06365236986241879,0.015904938519833052,-0.6135298525868353,0.23417932814671266,-0.3144235207561981
253,0.489796473483248,0.9398009951684594,-0.6312297480312287,0.050069855879547216,-0.7468655798456743
209,0.965377816531277,0.925384436402933,-0.22584778249630705,0.499002976251885,-0.09575617459083213
120,0.36420430629568007,0.2917169784530604,-0.7466047086249865,0.5542232548594827,-0.4820393858049707
177,0.6605543465924575,0.006237157892762196,-0.0468397049811426,0.715170355337572,-0.997860130814495
209,0.8150022315745296,0.8329747958810932,-0.8153328819619244,0.20151706724206603,-0.2261105889777349
170,0.36536528085988423,0.044199036202495275,-0.6325460622808923,0.21036618625038023,-0.18417691680452314
135,0.28471098832545544,0.7564349663741147,-0.2347110880153253,0.6763050146555961,-0.014731431853456439
199,0.8594995048570677,0.801674348595415,-0.644158672593877,0.5542967652350731,-0.915868512709823
267,0.40251438254616795,0.3674305779433998,-0.11982840362317143,0.9980682700038579,-0.16203923553744487
171,0.9868626628029127,0.9969782380624158,-0.8478137392062025,0.43453494817739186,-0.5907752287399202
218,0.5783547338343936,0.353496850960698,-0.747927197627964,0.3431353099586288,-0.10319618013734927
199,0.7169956384648433,0.7872465137922807,-0.3561977406851679,0.6831282127675513,-0.03480982305591535
212,0.5586634031226748,0.7812599738271837,-0.6014626932245083,0.8671620856984787,-0.4818040660013499
240,0.76782992421951,0.9330656678859307,-0.12358657658199251,0.9207535947582661,-0.5245138037713701
228,0.24764224259645579,0.2546594084627149,-0.5830982955566002,0.7041883011008904,-0.5313566256517442
216,0.3069081903814476,0.2915540853504835,-0.7315299950933849,0.4900258836029295,-0.8715710986146313
199,0.8641738196061839,0.4927319725477139,-0.08169608975325776,0.33775809247929317,-0.22682092562202666
294,0.01524621001108734,0.46723037403524875,-0.14670056963880024,0.4255423981827284,-0.37964722000081513
218,0.5646077295733459,0.9361574425675896,-0.9066699860568003,0.12622094092019237,-0.04595315505451387
266,0.5626795963634631,0.28892248625313294,-0.8456405882172812,0.9258884933330713,-0.9943166815123827
263,0.8644788936396313,0.4760985244365295,-0.855614678915834,0.9774833029545092,-0.23493621306321072
171,0.06852153358193341,0.8592062452144615,-0.1990845179646658,0.8132618276705008,-0.4270045913213935
212,0.5269188799926984,0.38863331385825267,-0.4042951971602207,0.08335572424756527,-0.6148813589396929
123,0.4349754321672045,0.7140491213407841,-0.5226527874439886,0.591363766522629,-0.1283700304381999
105,0.43200637078304743,0.4409705294751563,-0.9168836361428557,0.5810570489952556,-0.48080217407164566
156,0.08694418580554292,0.7487325943021019,-0.728075417008807,0.13412909534320078,-0.41559373263109595
188,0.32007587689228284,0.5649786614886914,-0.9663954946422142,0.8658406494621884,-0.45959760720245574
178,0.9402275495840603,0.016614719334654478,-0.062406848750444284,0.5897352695339401,-0.7874221451548528
198,0.12419673028497208,0.6382934089089901,-0.06986679828419512,0.6561681843840116,-0.12575998705556474
215,0.6757942226842951,0.9353838154551493,-0.2802563431339658,0.4897761217963745,-0.9720079573000291
89,0.924405817942437,0.7079644131525848,-0.0098054271281452,0.449069102475754,-0.18095909750017686
359,0.2116765722883786,0.3772767092267078,-0.5498267729360808,0.17676557971845636,-0.792646012507073
257,0.8112099876387103,0.386458184357561,-0.20335665979102174,0.601609950327843,-0.4349762588106271
161,0.7425108010314404,0.25204711651537487,-0.007099412811614475,0.7591332778521587,-0.7681255632455506
139,0.2213752257285469,0.36066829088964353,-0.45457249647270465,0.35370122654317887,-0.16993490095461855
192,0.7318996479259031,0.5816564970583973,-0.7190174733622696,0.7670959995755501,-0.015929512554961285
191,0.5787226707234884,0.712842626536573,-0.18492995164319276,0.8523615913010346,-0.6072733881532333
153,0.6823092073503634,0.4217271666382065,-0.7368289585429849,0.30136868010311896,-0.5418488476054785
216,0.450813782626207,0.5550916535092284,-0.5751825125780726,0.8482352781350816,-0.6479452472294127
234,0.5244418338344758,0.9053792573745814,-0.27129271917313197,0.6663746295534057,-0.18832123922874583
162,0.4239120128575992,0.8390839958286808,-0.30076395004388695,0.6774379702017894,-0.2320401401498317
150,0.7319010450496982,0.9094270321858804,-0.9243031462213256,0.5778080923045479,-0.20113814233426203
122,0.6489624558000372,0.8979901482487969,-0.9269237425026212,0.39713593191798285,-0.11615633343159032
179,0.2120522862798428,0.5009186687033873,-0.5043423422471159,0.989103709723226,-0.6509175371149984
137,0.5566694584169319,0.602643844969566,-0.9128189137655446,0.258711784023643,-0.5378030962659008
252,0.1004790436791117,0.18417454196673638,-0.6393448327467633,0.2412058210522025,-0.4183535760226434
185,0.7568297584761748,0.027825915475644898,-0.31079955423151256,0.8406338640663938,-0.7088784404142261
151,0.5101591545788836,0.6959457455318089,-0.09900440258512427,0.594268392660593,-0.4928009646504031
191,0.19328116776869814,0.30273178990283184,-0.033612608695458075,0.1525453783869271,-0.8284863698086179
325,0.28888566044717506,0.49083468455271057,-0.13383536322967787,0.6284320795707198,-0.3299254548460609
274,0.42916006680387303,0.20288127224958036,-0.2843443562356324,0.406568911409209,-0.9432853956447254
277,0.9166003182145742,0.3130749773862795,-0.9306166349612738,0.5241286581157877,-0.6192738956924302
178,0.586258146043803,0.8854142789068001,-0.8283830601423352,0.24095210636628045,-0.5160808413929133
154,0.8408924612210814,0.19716765314455847,-0.43901817446695707,0.7615883199276671,-0.19563161904846055
198,0.1963883776879916,0.5979574712924691,-0.0508927668310078,0.3001572123551221,-0.6359934934545316
171,0.0822594016088341,0.602347460083345,-0.8236784053015634,0.36612714309900846,-0.923513115726873
201,0.6716946332568439,0.8407413148276072,-0.6452559695651451,0.815140182348531,-0.9523905402396828
199,0.6347751657057034,0.028663247232122498,-0.886840926024778,0.9127560660506149,-0.1422685843998343
165,0.5352758025752983,0.23571383428863862,-0.6662972911811336,0.2943197771540736,-0.31660894408468115
117,0.6021395861458176,0.6404849309244027,-0.2515631199890222,0.1736852735156434,-0.8959050062900754
178,0.13447763535839524,0.6739821485261447,-0.04610337435166518,0.5016744491148075,-0.8377186506038664
421,0.7188767576206256,0.03200265409207632,-0.42279892398455804,0.519031585931332,-0.4182600831221623
125,0.5884910099353008,0.358586613804651,-0.3897854130652713,0.45121883046161154,-0.30917229889491876
192,0.7525404947420801,0.09489477089542037,-0.09727797884262185,0.07873092767008488,-0.6977023821280578
159,0.8918668063707751,0.33356913528127613,-0.4641010558795215,0.34012459805439127,-0.34080082117405713
226,0.6216094173335563,0.9175683457919761,-0.08262449896752116,0.7471928526260512,-0.9187553968416653
196,0.7392225944224599,0.4583585482940635,-0.6745919248890008,0.8449049056600235,-0.7744995325802517
324,0.01738646168900699,0.07560084944329343,-0.7367766148519179,0.5071208963549181,-0.9492784506909067
432,0.9774088090430242,0.530106022894306,-0.5485616175583341,0.4509509662926732,-0.20198926710516668
162,0.024353354020596192,0.5222439653850501,-0.04130016181383695,0.3012912794636983,-0.1050273469399185
237,0.9939780645047952,0.12283384410129589,-0.7441978639435868,0.9254865332036767,-0.409739141871945
116,0.09538656794938533,0.4047207367045765,-0.8830871979110991,0.9676916421346483,-0.23813480190888353
162,0.5698453053817975,0.4638054985107815,-0.9734413093309838,0.3935120193248118,-0.010635836005600979
139,0.6749685361359741,0.5058157038562007,-0.21025617792912193,0.141655650319304,-0.8374871673353261
178,0.15504513376405388,0.332705566511793,-0.9314524929421658,0.96699147578617,-0.18603511327467498
148,0.45959072099232773,0.02080477424129374,-0.8375269760170952,0.7264926296449912,-0.6379539785196788
271,0.4556195146233652,0.09197820830867737,-0.482988334653031,0.5064602088275817,-0.5478180703803616
239,0.44014335104769925,0.0476073352147462,-0.45724585363815756,0.6402412443333777,-0.06839211703770492
260,0.07366149600997202,0.8465854583933018,-0.97055062497204,0.8740965035826495,-0.471006308960257
154,0.4520381527156149,0.40429816420038683,-0.03353179520594291,0.29982608562659924,-0.34736950684002704
211,0.5387813792953076,0.7137032746210817,-0.22632117777746302,0.24642624986618772,-0.566997149260795
246,0.4465617710847157,0.24455129080737553,-0.15327508976337562,0.3349519753506725,-0.7983288529686133
175,0.8657596051546324,0.8482989867539906,-0.2257820716339693,0.4871606897253466,-0.1298222298849277
99,0.3385773981188242,0.860582133143134,-0.029136787870553023,0.6030382236119242,-0.9057596838864864
199,0.1185365301316646,0.32556846445856963,-0.9922955109974433,0.7957737396451746,-0.6478924873906171
197,0.3438786921256592,0.12771848168974526,-0.9120946621207023,0.8645096498865217,-0.18981379582482533
168,0.8442231674625144,0.09793116812473851,-0.4161660983258299,0.42050460308224774,-0.726976561480529
359,0.7225702650671654,0.22849615362907855,-0.4059027589789879,0.7765763511221218,-0.32325331144633646
159,0.5423800934033658,0.9103755090855528,-0.7968386009296605,0.9963397940342299,-0.8028023272005297
262,0.8367504309370687,0.7113999154389969,-0.08014764806365554,0.8656385279201252,-0.25185904603104775
123,0.07491248865888495,0.4267416069679892,-0.7515286860498962,0.3956361916532177,-0.7604292175649913
196,0.22107464907957836,0.09493774999752752,-0.3650899088455299,0.17664757729663166,-0.8732693832485132
365,0.5117008088406527,0.5599643350184401,-0.39700050212968946,0.9834598045810278,-0.3397956038027495
275,0.7786759005942905,0.26715335210059193,-0.7584963198876636,0.5957796590055329,-0.06111101865012209
197,0.898285830891446,0.545949914202037,-0.5332755701929407,0.9891311416844313,-0.9506085573191757
76,0.3432338810096192,0.8900824207903042,-0.17613898739810657,0.7648840029554691,-0.2382948468041069
159,0.7669372457148823,0.10381753322600568,-0.7092917798242828,0.7432068736099434,-0.09364540159323337
162,0.2971611217881553,0.07479877987841849,-0.8931361268998155,0.8072442516934593,-0.06817582565768815
150,0.4742649552091113,0.8005257322446466,-0.19205982597535737,0.704134223976795,-0.9788354654833714
205,0.07798338134538724,0.31296107119895517,-0.028027349445748313,0.1597409672467907,-0.17323753977591677
500,0.11081237862208354,0.7168642339994165,-0.7944472366610065,0.19566010078573876,-0.5230696895597075
162,0.6277279750298725,0.2431664855285975,-0.2562368977939689,0.9426609714539474,-0.6520040579176263
238,0.40506238673957135,0.6914998909387372,-0.4347376479688399,0.294955291769381,-0.7230514580467017
118,0.7968177640597542,0.39357780823389027,-0.26082535710991045,0.9219238553477428,-0.8555744521353488
238,0.7408687062265734,0.8129102824907432,-0.03657645569426488,0.3181478995792005,-0.34179025912178534
150,0.5735456367738043,0.8154721541988776,-0.9582344845541602,0.04676698655935691,-0.7307148633695465
210,0.7690089650728729,0.7139466924764399,-0.6544513726544164,0.325991483694727,-0.9733030403690243
144,0.7072450034361064,0.13544641295550525,-0.41278654339608195,0.23696025126321735,-0.6276479342214669
168,0.656470932482409,0.3943797607362523,-0.39173103904661183,0.2647958966394393,-0.301116280705685
90,0.7779711931780913,0.2775135218705615,-0.47932887417322784,0.8960383573510958,-0.9139975261505884
222,0.45799036849186175,0.31266943978876977,-0.020374375707163224,0.029215542408284896,-0.8252551555619341
158,0.2536863009791414,0.10136885084571762,-0.007562298899522596,0.03010415311700316,-0.9038456684334423
207,0.4806388880020917,0.9245604181019226,-0.10923989776993986,0.412341475980948,-0.4732038833211016
326,0.29904354984331366,0.771453365666627,-0.08882706169875437,0.735350308140745,-0.3902359778536127
257,0.551921376998202,0.5437549875428543,-0.7075973454809935,0.6387270921418495,-0.44707683889467636
175,0.5549636380109557,0.5054746327963702,-0.5266403450993946,0.7020792690864129,-0.6140324052281364
145,0.39351855288473553,0.7153031687691697,-0.1387333928366375,0.7670599099289584,-0.8968389862661802
191,0.3079827292699075,0.7837742617043372,-0.9319027042604178,0.6798034333958847,-0.48075994773857084
101,0.5857573212158799,0.34754467200382416,-0.5528312003519863,0.526372326062,-0.6933620942786773
233,0.19114994431501559,0.35598515880684706,-0.5638632601922989,0.10873887167857749,-0.6844851953588283
363,0.011994258089324588,0.7811343712872271,-0.5265978926773708,0.20378003151554008,-0.7415352471803239
203,0.09800407588620835,0.8230603897014549,-0.005726691152458557,0.29004700225754304,-0.5641343827542689
188,0.9678622154162623,0.18720350216655518,-0.028046806923572927,0.639194946104163,-0.09931984282317424
181,0.4074388177828255,0.9558625133286012,-0.7418919859954594,0.12353982954704074,-0.718715747315555
158,0.9688906883659615,0.09999655835527327,-0.4776726707150914,0.5753498332255192,-0.22093505859814938
135,0.9852655892624561,0.6315824318257122,-0.7205556986314485,0.060876191504075146,-0.8751557446474506
156,0.4931235361811645,0.18695027912210044,-0.8118672630258026,0.9474890726332437,-0.12928711563145784
139,0.0888245660561629,0.612447386257498,-0.5847361994490844,0.11879881084403493,-0.2329469693746134
213,0.6454083364729457,0.24134173430375822,-0.4113209126160596,0.8295455806613306,-0.3429462245129537
238,0.1105230479666453,0.7842314227611279,-0.7462487451802141,0.5755750004144072,-0.5162328749731627
196,0.8600236044345122,0.8151460723963496,-0.4074738951806935,0.8514826475098912,-0.17568914559695176
287,0.6767653727583306,0.7323861350768547,-0.18598216653851368,0.9800192750980363,-0.5246432608428794
265,0.9918816685960461,0.374058799825382,-0.2755774425053839,0.9003003975039369,-0.2217423355948281
198,0.6080769401386901,0.11916844912282537,-0.38081481299057557,0.8724221077953098,-0.8830866603124314
245,0.34794851804282506,0.5998197853047731,-0.2059819271284909,0.7651879942487381,-0.7078916659953477
118,0.5476355983031918,0.584592436891286,-0.1891054698481393,0.8271473857922096,-0.507377082799707
182,0.6346443518625314,0.7497247523907021,-0.5988958965432829,0.30126176214507777,-0.09570090682472882
182,0.09785167080711371,0.31662640385307367,-0.7449766069411035,0.14497233626926181,-0.6022113637115133
326,0.33933516582297746,0.33784336157268674,-0.1256876581443706,0.39771318282523743,-0.15495965957237717
156,0.25265608854239413,0.9016842209419272,-0.3042647920608415,0.45743627402243375,-0.6314469900349255
174,0.5107311371586324,0.8709266457622488,-0.2560881713835416,0.04206937865345967,-0.39554734729120905
217,0.9769561962468424,0.09562141957497444,-0.7053694189201221,0.254171423550648,-0.004298293653783708
150,0.18082728167781897,0.7638513651513347,-0.47028412928009594,0.5853368780707007,-0.5721583254099535
244,0.4301235856358984,0.15928175676771245,-0.32523020005242104,0.6466676928631939,-0.32704547742085216
164,0.09734181624881494,0.6999100337626788,-0.7033696501839131,0.7113783063370106,-0.18841946281458571
153,0.5388329236268287,0.9329009915437099,-0.5588757551493804,0.6680573291358367,-0.11582956306882713
215,0.9684326802993305,0.6811327524147982,-0.9430873526949289,0.8919057803284908,-0.8881012694366164
235,0.14314413478175242,0.8227482283007109,-0.380607149259326,0.8488006151677743,-0.2554070614127287
170,0.9094372933192036,0.43956606156775874,-0.4969938573235793,0.32553465398805953,-0.08626147092622932
71,0.5311089462640005,0.9242766575914543,-0.1717303226473526,0.3637466719460219,-0.14030840235696168
107,0.2137425943888383,0.12410563747234132,-0.8295106362260608,0.5906229744472696,-0.5577721844670792
312,0.8697072113416067,0.08239946242585977,-0.9552756263129003,0.5186868355050679,-0.03325091627433125
118,0.32653335839174197,0.6267786878879426,-0.2507802916423944,0.8279443699887501,-0.2509026962705066
183,0.3775222938282043,0.4055591941367311,-0.45941185169744797,0.9265999956824582,-0.4210997178185723
165,0.0015958763706040487,0.22061808642535524,-0.2164701287735516,0.06705203443471436,-0.7562158269187124
227,0.37682082113441967,0.610904746600273,-0.05097129234268689,0.2483135735447914,-0.006964121462475553
186,0.9787037318419249,0.5174101802410133,-0.8099099074027292,0.9415578847696656,-0.45337060663269285
204,0.9348032700293794,0.2286348209162526,-0.8169713622132815,0.5629048708190201,-0.929612803819009
153,0.18413992366595539,0.05220155120014553,-0.7550993541534817,0.14117048866925402,-0.8385150938073728
179,0.24656014651571073,0.6705458789158028,-0.7191934166513746,0.15410385705628987,-0.09535514488696312
141,0.8719978025014193,0.012711210329019845,-0.3216829048979272,0.425526837730872,-0.25143374496940013
219,0.33214855817461525,0.14779073520767022,-0.3643297754358196,0.005111454673856602,-0.40556517772420925
160,0.37206160214485645,0.9715357411849095,-0.8920967399042847,0.2955636432882786,-0.663740415434191
215,0.8892654786738298,0.47319710312856283,-0.09513244302692686,0.4811251357313016,-0.6934395168519728
190,0.16492560075799995,0.6787001717052077,-0.06850323319745572,0.6669714177620878,-0.23706532486620452
239,0.14893431276475283,0.6122192517880445,-0.6572096340314182,0.3326002839110565,-0.3903256297604492
181,0.9808306027239221,0.528766706860915,-0.6952242727259205,0.31735757737828324,-0.5338792912337201
209,0.4777578214512071,0.05233361581030211,-0.9880672998124272,0.19962767547544652,-0.13460287224704554
195,0.020356107947102693,0.7430631977300814,-0.39417576090430123,0.949929887187274,-0.9744630837933936
212,0.9255713004034112,0.38269965763984853,-0.831749386739813,0.5561569310374662,-0.5398409524086478
102,0.36811892237344884,0.3819532120081193,-0.37992205805077034,0.4132479754553437,-0.9333227507836704
216,0.3663233146873363,0.044072070090575295,-0.04169100205334481,0.46015394561383777,-0.24461904466524037
215,0.25112170968449926,0.3183850674267646,-0.80167092195318,0.6859446449307977,-0.6994572930202697
160,0.7729137925874993,0.7937773439098306,-0.9994809399915562,0.4207745210196204,-0.7804096511458651
91,0.1581301602697887,0.3217982372391028,-0.40669785500922023,0.4399895143559382,-0.9703065128430893
176,0.219350565185988,0.6931914205371627,-0.4670804197076022,0.1455308675123877,-0.08838363925705212
172,0.552816074298928,0.49602844219663383,-0.3288331568167249,0.36437208848648367,-0.08258296919788238
246,0.6473912916993246,0.16733024089844933,-0.08923440726446658,0.26909913155155923,-0.07857314247471375
271,0.18939210556460756,0.8269564873683528,-0.5628961760404787,0.5069677448783283,-0.418775422216267
227,0.266887792908627,0.10027788276847832,-0.3715341775823177,0.4113768182014978,-0.10885689361265544
340,0.9737184948610058,0.3817369573244987,-0.618078966046379,0.9853859598208945,-0.37078847785341823
277,0.6920401970750104,0.8492325482694028,-0.24366634963441475,0.976779678336987,-0.8356533474559755
258,0.14463766199486577,0.3835906577128924,-0.7676475524534081,0.8529839639918415,-0.537458623798006
316,0.8280192051741028,0.20758309355701293,-0.7582603629629966,0.04132615191786077,-0.48759164614519185
287,0.909472479691596,0.6020453768931192,-0.6869513299246386,0.27477732757649537,-0.016697853322162733
500,0.9078699088821808,0.5878965037198332,-0.3204909222237476,0.921177978416305,-0.18797270088686163
161,0.8247178273620979,0.15148240691441112,-0.44524261467139264,0.5761408981657591,-0.4025149070334995
164,0.4978435585070899,0.28388011009504693,-0.3549035375645678,0.6589934808788724,-0.7173557005447803
228,0.32909264486638806,0.2998378455814337,-0.2784669131342474,0.04703652737668446,-0.47953914724234564
108,0.315506441643469,0.5017929193213704,-0.022126341892368125,0.6763412074537003,-0.7955508467363456
137,0.21306234714401856,0.4388868918481705,-0.1998723678618362,0.5037246918841621,-0.33092655314219804
185,0.17996946119105345,0.7125467419797952,-0.5431583473485648,0.33577118821767044,-0.0697402696893143
361,0.13906825134091166,0.15790325074065353,-0.82351353406576,0.6818356229575916,-0.23829676331696287
196,0.6938137539869466,0.6926216128219879,-0.6823511668892228,0.639833078124319,-0.03508035325649168
238,0.9430228456023219,0.8594522989365435,-0.19361994672513677,0.22823728395218285,-0.0938915489544237
178,0.4638263630161377,0.712301326648589,-0.8072248714227237,0.9118731141610387,-0.8642792612709133
172,0.573777779092986,0.5410942023774402,-0.4821249587634882,0.8089124155171332,-0.1953411306340252
193,0.9402008423572916,0.6516230306387644,-0.774698681692395,0.09096651977701203,-0.8772406877592234
166,0.5275039962521857,0.9869086219592286,-0.07978589964348931,0.10624001594896165,-0.02278315849965968
117,0.694721337198037,0.22646144007788277,-0.2956187347671742,0.407608399087449,-0.20048691704717309
100,0.2631236863796757,0.4307042797119755,-0.44628080215557836,0.9574903264054132,-0.5677338538047333
199,0.08658114927893162,0.9785933729556842,-0.7746995442285146,0.25517502365050443,-0.12391867493348935
137,0.7386086446070222,0.7968631531607245,-0.5750728558126033,0.8184279923346974,-0.7948172008275006
183,0.4644560457764319,0.6042910007388361,-0.29885648188037867,0.24268901441915985,-0.10035390196688704
232,0.17224242252477323,0.43893574402447105,-0.6839497238130317,0.11875079114055648,-0.06360250327181666
197,0.025457736347985267,0.5864846027514108,-0.10671639905893288,0.805705649764137,-0.107660283232278
149,0.8345930675319537,0.18992226708129617,-0.7668520808522509,0.9223621859308063,-0.65138691682038
220,0.16144982292345894,0.8669469681698865,-0.6847951405148689,0.6034458575371553,-0.8262250588052421
163,0.9333394038002139,0.8368379812424801,-0.5824140728256105,0.893507814551642,-0.622423820951005
84,0.052366157292115974,0.4990421561551323,-0.535996602433942,0.8715119595318171,-0.4136876394562868
204,0.9222486559243932,0.4264925586731368,-0.045678949726648384,0.6935438074609119,-0.04909622272103104
181,0.6616988706138195,0.3007317934611437,-0.6039120762046198,0.20114728753800354,-0.48761492351327757
197,0.19614467634736282,0.2058544263685021,-0.5084846946498641,0.15211719825939046,-0.2607499822051718
155,0.41391432516503485,0.5647530671598618,-0.5277019440563857,0.03917016998502527,-0.6740716703122821
266,0.6148969858480138,0.3709969094264593,-0.12841972593408985,0.4460240170428115,-0.27184198505560003
384,0.2155330418314067,0.8518032438476494,-0.078569339743284,0.8491855967641001,-0.930399169996481
473,0.5111794868765004,0.031123946704992696,-0.14403474869701743,0.9197858862230717,-0.6088577378621671
500,0.16491692659328566,0.9074472890455183,-0.7870574796774122,0.036837485505009156,-0.004159837428739549
185,0.2995051118693243,0.04187365540325256,-0.9937978156144917,0.4504990263533449,-0.3418664838235948
228,0.09001569901101852,0.30918858653092635,-0.4233147725799978,0.7527162163488827,-0.312954311313065
378,0.9289703287475206,0.2939400572800825,-0.5773520228581839,0.5178292409587927,-0.5489951172015742
146,0.7836293515312507,0.7122157296170407,-0.41839387775838627,0.7697167037662535,-0.20311521129067706
250,0.7609988378291671,0.09361040471284038,-0.6898624190609292,0.5258489879802881,-0.6585215641787472
179,0.5629642540929549,0.5568954224942975,-0.8075292502862494,0.15140540623535886,-0.7161991907312483
163,0.9485410854490267,0.8912794000281881,-0.5341291035125787,0.8400573076825605,-0.9723463350640977
133,0.17084413951982508,0.004878516836537011,-0.8957409248215722,0.13918633572356792,-0.42343167292553613
88,0.627671176328481,0.5181963364180351,-0.8918281970601312,0.36933687097823137,-0.16555636466013096
186,0.4319518440074502,0.25110639652276984,-0.6672381897142399,0.9842622182499158,-0.6081260111712031
189,0.6799605579386919,0.5120687738679233,-0.8164814761565502,0.02335383044094725,-0.059530735933669705
151,0.8666205946071251,0.42405772103568634,-0.3237623886504017,0.6217013103871206,-0.6285473895026107
222,0.09865458138222788,0.04575976647059716,-0.7889297154111218,0.7111909427716409,-0.501060296699424
253,0.30028385868056967,0.13489118420829832,-0.09966230454023067,0.5551006432217218,-0.9882906151713676
184,0.09841672137853325,0.4328676111417921,-0.9842034938949091,0.6826444599023224,-0.658396203820613
199,0.5576762955386184,0.606978331891301,-0.28520531946690036,0.908763946474807,-0.803186758846178
187,0.692744790782759,0.4477910016097177,-0.3603797878399923,0.4310527242920043,-0.518764266494068
157,0.5318251680426368,0.8405633815674358,-0.8320911279430926,0.7679988942960757,-0.573864837125265
173,0.06123535337201797,0.5599006188740774,-0.5595431554068546,0.3228335349156654,-0.28306392772589845
246,0.21897680168721007,0.7134425241514245,-0.919669793487105,0.015710798006909617,-0.5578188641374816
184,0.31743522432416343,0.20123233538609736,-0.3632160775165903,0.8567798674810079,-0.7852222213046701
289,0.9276875722334895,0.4487561915319727,-0.8459203479996183,0.3741919966841715,-0.4562364852154182
178,0.33445543989188725,0.9398835942848639,-0.565096038823077,0.5139216566729158,-0.9896258044851375
291,0.5348176288256514,0.7969918823572906,-0.7583876983060391,0.15475610354916464,-0.4766278555721481
175,0.7978407219284238,0.7578511223814263,-0.39876582791592624,0.5803513055147167,-0.15446661697055902
151,0.870168634056015,0.27348546320965145,-0.2572017279782101,0.8251553022377641,-0.2557755278764619
102,0.23201903813734553,0.8888423054229437,-0.013989985396621057,0.9203988116195397,-0.8965914813412034
372,0.5777007359592585,0.19809276511065016,-0.25083224495587714,0.33667738085543003,-0.29764924937754916
133,0.1272600133415948,0.9806936226221511,-0.2496536744987476,0.27112976946758466,-0.30005055866725655
218,0.9029673087939556,0.32391424254999585,-0.6068123845870932,0.7612058295925895,-0.9322674646804828
179,0.6083291916872546,0.8461332269155142,-0.06235152142983386,0.3121411845359389,-0.41212724193229927
268,0.08756514784460773,0.8812504350132389,-0.8613623049237568,0.11572516216227985,-0.7842332837746646
126,0.10444651124199272,0.15805065714277816,-0.28572279526309746,0.1434944996514042,-0.14396081181600456
177,0.4715832844627182,0.656228449104933,-0.2963578912369594,0.8807696493165736,-0.06964805496310306
164,0.8638739812608016,0.05013175475993876,-0.906116348429301,0.25142187579108394,-0.3053244261705738
153,0.08943935312991319,0.6662777526392454,-0.08773911064166778,0.12378283272334939,-0.9487545058711606
218,0.7072270805434181,0.3852486585506228,-0.1249353992580276,0.9438651823701846,-0.46270526345936175
171,0.8339406027860454,0.3729780814045887,-0.5201814777434305,0.9325328503131629,-0.6460563672059685
236,0.32381067047823503,0.15256209259849168,-0.1575653624761259,0.24927928316650066,-0.6151799824576971
154,0.014341094712949814,0.6135145788273948,-0.758234761970225,0.05249887411970506,-0.12249465491653538
175,0.5179293269602324,0.015712957199335693,-0.9042632226346886,0.5613954126182737,-0.5729491934076275
202,0.9686584459140409,0.3524342165112386,-0.6893596169300547,0.8510147682649744,-0.023855423654312986
82,0.8308490989702768,0.9402003396898757,-0.3715390844709094,0.8143689486312138,-0.028667644460064708
192,0.946257495975045,0.41361414686531045,-0.5001859699730946,0.5360586501419805,-0.2298836409351494
179,0.7631476707720566,0.32513231115221136,-0.46577434319785443,0.6371221531586249,-0.9023950412944872
197,0.6570252856014978,0.8969572939353891,-0.020321777239684598,0.6156719254087085,-0.14915336581880018
318,0.6564687002714675,0.4156902804665414,-0.607103084828973,0.9785584971730847,-0.7782229435791186
156,0.10729690235184569,0.5045836872734422,-0.34022801286639265,0.9624581586626361,-0.5207913809089344
250,0.058699143148845896,0.5061870463858551,-0.49456831284056707,0.848115463852265,-0.4361704389730587
163,0.7946147693836909,0.377066924210087,-0.668740017494156,0.2544616542749745,-0.736490166563623
199,0.8784488983592614,0.603469276789861,-0.40750711512895904,0.5759067806375292,-0.3091609878712123
208,0.21361117177258454,0.7920856816583893,-0.9950777010955911,0.5975879973094175,-0.9413205831412209
179,0.760190121267621,0.616185621586558,-0.15790586748104068,0.8761803312780405,-0.49480974328421673
136,0.3996152060102158,0.6168496453714755,-0.5285923606557271,0.5348648366424523,-0.5317379519117994
222,0.19788774723466002,0.5923093328732545,-0.35960173669757584,0.775302580687977,-0.9489911683803616
131,0.886444999362496,0.28357774394312957,-0.5416165535533951,0.5441300081467109,-0.2815590821380974
226,0.9104351941771608,0.13608768305920865,-0.08882619537733111,0.4349205869497685,-0.04698461569588836
245,0.7273267768286735,0.21653574575771123,-0.5868108687110184,0.2886870613040405,-0.5948960466317321
300,0.7753296997732788,0.502736271470106,-0.4534458332556502,0.12191981236214605,-0.5732880075705166
224,0.8856770028416276,0.6626885088228825,-0.8161578651218053,0.9762160877137215,-0.22800771161403582
131,0.14704021603938683,0.3667737776496603,-0.6327386668616365,0.12448230680035571,-0.7884595016565515
185,0.3739136973092581,0.23952172898998653,-0.5256838669386598,0.0015284443521896337,-0.9243442217518302
238,0.05331738967923189,0.27559777499899324,-0.8036589851485781,0.6287799312304547,-0.8067232252582938
124,0.5474746970874154,0.8272976397199583,-0.08516507419187708,0.7909918277393525,-0.4689073329710142
260,0.5867815241531611,0.9870555273851799,-0.13192231172236263,0.31005256790208874,-0.5283179998156603
211,0.2573812317710695,0.703810367372366,-0.09818929963813133,0.2636318303640995,-0.6552508640042529
248,0.7016292011312958,0.41730885150687996,-0.9161428507274024,0.27709427876346954,-0.623058634286366
215,0.45319365437533804,0.693108274272642,-0.253320524428931,0.2996751395884986,-0.052447166466132185
177,0.637983617152292,0.7278023181363401,-0.6605609874419609,0.6781961992108257,-0.014326854398551586
137,0.8998805888785852,0.11178564774726069,-0.6656940074880475,0.9258904995696231,-0.5072153869061772
186,0.7716583582674249,0.10781121686193212,-0.5871166531291488,0.6326924271199031,-0.3143456862753346
189,0.03340848644748113,0.12407053034072052,-0.12972754503543055,0.8433935120464193,-0.2808435286789916
196,0.90791812515076,0.2776934723577162,-0.04188792859149621,0.6143721800692987,-0.2013740287569739
191,0.5028269992211695,0.827435154762491,-0.18296148614301982,0.3331156575892658,-0.12985684620083343
172,0.8778354617128084,0.3790404558680985,-0.705980776806107,0.16572544783830173,-0.68727199948546
225,0.5189718670443294,0.6918350847425089,-0.05916085891536433,0.2630300907649901,-0.5375363834444921
183,0.8693170921404076,0.22848783702525194,-0.17920822303448375,0.06547817273510342,-0.1202381553147917
174,0.9049494427056282,0.4665775605440346,-0.8421686697889724,0.8162352168745113,-0.4999440792531549
219,0.7366912258372318,0.4047034838475417,-0.6993447020914569,0.27196513083099766,-0.01354096653902454
100,0.39025470334182005,0.08848604223426954,-0.5426634549798922,0.9775034013914424,-0.5902590504956392
155,0.7284137147516538,0.09133555834239077,-0.7140134974409341,0.10303004860252823,-0.9385166994430074
103,0.6432734796980284,0.6033487462919096,-0.5456399606167247,0.7159151311903068,-0.5597948066741125
178,0.6881017889979482,0.30642558779590695,-0.10062385060218454,0.9364042028471311,-0.7113658309646532
115,0.2462291295260492,0.4201227657364321,-0.32042093295320934,0.031351292012408,-0.08949371844357229
162,0.996494530327731,0.1705391621059908,-0.7870982973474504,0.9855908276806775,-0.5213604355079734
233,0.9981708796021725,0.01514464376727082,-0.3662644829730158,0.5821651111287504,-0.8540544587241211
192,0.8984540087777098,0.2768350120777156,-0.7579319491594632,0.4534938294256648,-0.9666046468428678
226,0.8168133446867637,0.2934302209381194,-0.7697269911435418,0.860184398306475,-0.18983368573370935
468,0.607766549876106,0.3673046562425272,-0.2225325689403675,0.1333215383778848,-0.7967324614531618
177,0.09599317100919474,0.38841496933618574,-0.17507057302198742,0.8478108717513588,-0.020598260582258283
217,0.8019136880476947,0.24691041934171548,-0.5025644055186325,0.6232393599846702,-0.5147582787341484
134,0.6749053576665258,0.5731986959278003,-0.38198652246360526,0.691520669904439,-0.46103086572992896
141,0.04841410218980342,0.8034054483291412,-0.7795408555082394,0.07303376371852627,-0.5082299307168159
240,0.8664385490157556,0.8891466201451199,-0.6671891356450755,0.20828509832131065,-0.6211824634748961
202,0.9736749158102201,0.7829245400497729,-0.6911897518996,0.3785061501254419,-0.5989985396383732
81,0.06879062880249304,0.9358226747061282,-0.5250857413200762,0.4487065732223456,-0.526014859656954
138,0.8650394689860351,0.5033151230129002,-0.22378283913690794,0.08888218674791354,-0.4980770895434931
118,0.9066849135544558,0.26457141254322286,-0.10044536567437151,0.15601013559033444,-0.9586040032485131
165,0.048013962130767425,0.387574835943081,-0.9069353558967937,0.8662718190497806,-0.6945888652582851
183,0.1911157569910325,0.8721302536331712,-0.6710915411159146,0.7570772877310048,-0.16492797278615418
247,0.10525272589985474,0.25324762988540234,-0.85722670939625,0.021842629657283737,-0.5037187906948577
92,0.09045385302822756,0.18657789146752618,-0.17507602316128174,0.614715162503473,-0.21951050120640342
143,0.49416655826222583,0.9004005936368575,-0.25787495708684477,0.6041928123770164,-0.9465059558486048
174,0.1273791939823125,0.6024638895642488,-0.7741249386273998,0.16420232385050487,-0.9572278819005846
187,0.7089954776783658,0.16667678598282037,-0.8147505203245251,0.4003793716767697,-0.5735135767390509
254,0.07755418492863603,0.37250194573299983,-0.6285777619902905,0.39735125953091094,-0.5056349154483988
152,0.044492623273183325,0.24434239019427922,-0.14599507862380562,0.463736857010466,-0.40476457239204316
227,0.6848970341043531,0.4577542425314231,-0.519386369958519,0.9800088327461083,-0.898168014058226
163,0.6162543218528506,0.42828893368715343,-0.8858036571568574,0.855212873679375,-0.6103458646903218
241,0.7280855984640656,0.6254170605083327,-0.2964489261000531,0.2708380733330285,-0.07111276487034252
141,0.33208788004093076,0.34830905665028883,-0.09553830927485524,0.8922650450472065,-0.0608951718228446
300,0.2924596407118835,0.6523985335060511,-0.7316937035342341,0.21777058860760984,-0.8214732649476039
75,0.3851399281909878,0.16195640755945334,-0.850904263161306,0.5728572208527462,-0.23654740585692086
180,0.8053662917831365,0.32373945309430324,-0.5975960708298572,0.7516959417290943,-0.3696717915706487
164,0.8389472767539572,0.6898742949609921,-0.2266910214834909,0.9788307588756192,-0.3892172002859619
108,0.18140357328145934,0.028075742031443314,-0.33052598128174543,0.9733949657214312,-0.8867862296564416
219,0.4238775797268845,0.37320130804052515,-0.3354450692141669,0.3756044713385143,-0.1393379227484865
225,0.2627810527795407,0.058909424215977065,-0.6424334237714248,0.37868795701798436,-0.33286744912796534
110,0.5809798904253923,0.5477327205583543,-0.2389046081110902,0.6920946183414578,-0.5779975166897802
209,0.11058002080071178,0.2822010927856488,-0.8484493994451368,0.21813626053142116,-0.8484675931260748
227,0.5310758984119248,0.45275290481679314,-0.9772247559940099,0.8798902660798158,-0.30306554614289577
338,0.8521291748985389,0.07010490004999687,-0.4322118184272333,0.11191599767256927,-0.6491700218477496
230,0.06262094369673804,0.7303038430345687,-0.3277079714263918,0.8736383416383631,-0.8982786736992676
147,0.9807093638096736,0.41054219066683034,-0.6909344813956403,0.3988091877563837,-0.3115913626573888
151,0.31071029257000043,0.7951836405446971,-0.27931720469191407,0.08048385273860553,-0.0628478998007101
170,0.7646844062919723,0.8563891713545733,-0.9198712585967516,0.6923864808499225,-0.6935920731495101
201,0.9214816739512294,0.254879351431259,-0.29969095176661703,0.35609260103850277,-0.7021061166617182
204,0.7978694035763165,0.590590261496763,-0.007956266453288013,0.4397707730479396,-0.7014840964921427
184,0.18157858994605885,0.685242706509138,-0.8763366526153253,0.6347026026726733,-0.7237850932963139
225,0.5210617424831879,0.8593892155155237,-0.03571903619626122,0.26188025071970394,-0.16867770863531756
225,0.35242273991169865,0.1909673015199,-0.272407605113357,0.8928770069091279,-0.3670800659154621
373,0.5913720783162884,0.5105994086910504,-0.27140214938762536,0.7223851677648534,-0.22491468732164016
82,0.13555567699808208,0.7343880602129409,-0.07985197093520652,0.07885929874285441,-0.5807357399505879
200,0.362119064266106,0.4035474552583334,-0.1454934983871498,0.2900325062716172,-0.4600582382764284
215,0.850632797759462,0.6519946817967868,-0.749268975441919,0.4349831212719015,-0.11060185810826978
167,0.06804174242376188,0.20877797291013772,-0.4071949188282143,0.3803807118435078,-0.684049162194718
201,0.11479540298407703,0.8111511122325576,-0.4876484552244024,0.19840857224699388,-0.5457182348421178
190,0.9605040825716255,0.15618393855882923,-0.8038806215232889,0.8838485911771888,-0.18341110009025746
136,0.044738546500822936,0.721287645800618,-0.5440653219636056,0.6701142430817546,-0.9848808592379732
168,0.992915855052521,0.8279354800102314,-0.6171712165631432,0.793453820510903,-0.6185430328834024
129,0.8750974434192506,0.6013507864479966,-0.14173090377794,0.7937659307755864,-0.24331885260448477
176,0.37108995768136416,0.22605230747132593,-0.0933092860474875,0.8644516353929329,-0.4045420782880233
159,0.4036684342214079,0.9312560086596147,-0.9955778768038177,0.6506284575179525,-0.5327125686991075
214,0.5256463729866567,0.31295979923184797,-0.8431385206705169,0.48667007402451906,-0.8966510047418593
105,0.4809775745832115,0.6578065950667449,-0.20140720498174663,0.13553134864978517,-0.3690595261799003
254,0.7684259389243685,0.6567671931427878,-0.29585826491341566,0.586678647216342,-0.5504439137763513
202,0.394937127633813,0.7789674569471474,-0.15981076599483796,0.7791143542117951,-0.5342345922397261
91,0.012388610673066574,0.9818189537578762,-0.17416663499768298,0.7496574883955986,-0.5529922497122222
203,0.13754986238485417,0.054083484590175264,-0.3604868502805873,0.4858568844405468,-0.32149772060401777
414,0.680462065229008,0.49042704722326386,-0.13536601628370387,0.3492118113734101,-0.09656642532082943
173,0.24721328195827424,0.6568033194588998,-0.19569393614915126,0.39406153685501294,-0.006311732565076061
131,0.03472128435591577,0.08535248159484149,-0.3780522625536787,0.17728290215858916,-0.3786168991281193
222,0.905149985950375,0.542933368528355,-0.2815738975016883,0.17695549757561418,-0.6159016004754415
144,0.1201894809279393,0.7769509176065773,-0.3473421574596213,0.39625190046138686,-0.7141667986256692
219,0.8264785106327963,0.50364710154216,-0.9696780739392267,0.7029708819648857,-0.1288973307878541
115,0.8501503098222558,0.9369375315178361,-0.14902828106896499,0.002447449811992136,-0.5082771958431112
337,0.9646986745610786,0.4374815981213554,-0.1456297350802171,0.8832564413408852,-0.36566356024902363
162,0.24047155142979565,0.8860931599638968,-0.8860374084653043,0.9463114795419509,-0.6914913589642854
234,0.2727807893318805,0.44006357506301513,-0.9954631815892898,0.8463823534182332,-0.06666308895454837
193,0.7230054871118082,0.9401852647921904,-0.6061721249483736,0.5418321602489914,-0.02031501197837688
172,0.5051250476890049,0.2818394050373862,-0.021425842374162403,0.9004698970641654,-0.17718609493662912
170,0.8922226848414131,0.2417959796223122,-0.6610364132074587,0.3995252781455981,-0.10367269567117027
305,0.9635305978631128,0.6401844656348912,-0.19717236768156038,0.44368095229977983,-0.7293848522470863
231,0.04004850235382413,0.8711434099271853,-0.05060038791226291,0.30687086140127856,-0.3663345193118375
150,0.9887396045113211,0.7577057588042985,-0.14720224387693354,0.4528318210833128,-0.14479370002845643
145,0.7522256016624678,0.14248393482825455,-0.3099956952004213,0.87194610459356,-0.39860897531651557
169,0.0054822474509158056,0.1138045262955874,-0.4431306408402084,0.9640990977923494,-0.22007946812483598
489,0.31733231642195286,0.6249136579035414,-0.8594829489849372,0.8180416582803615,-0.03516238819439405
130,0.7982684500282606,0.20507515780257762,-0.25947001228197203,0.26726968378297206,-0.5425179483591751
330,0.9640922832039182,0.5795932325211868,-0.24983674328447175,0.6861921216803305,-0.6017153372254679
202,0.898629890701096,0.42619030261450946,-0.5404779561518906,0.41674847778043284,-0.9795416872938726
161,0.046355181883415315,0.39773836700964865,-0.2821836204286941,0.5202310297634549,-0.061515625232475286
436,0.9587049779297215,0.30129327081129825,-0.32865149817481026,0.9806513014810204,-0.954488381464682
209,0.6524757408537206,0.5224629315889884,-0.13884073552092818,0.8633387290576555,-0.9439277846541386
194,0.4192773135238483,0.39020297690225775,-0.28712881480057034,0.7283218540636793,-0.8392058100231374
160,0.5831732514476623,0.24882031925215692,-0.4380166921841295,0.1283311450156937,-0.3017862040830523
151,0.3997135501248585,0.8929310937734892,-0.3298935509060859,0.2638662536980027,-0.8840694862029259
117,0.7060627208666912,0.5793928226191257,-0.4555010620478405,0.39873267305937937,-0.3657351114507634
226,0.98047293457697,0.5509013621953355,-0.8066718666893713,0.5090078594898488,-0.9303695652433362
217,0.41772589436833135,0.5158948221703455,-0.9172860646736148,0.10686532387230524,-0.5401779965952151
143,0.7189828483837869,0.06301738280552333,-0.10311119254825646,0.005655815108188305,-0.5035290708405098
199,0.6154657748542968,0.002336935196202433,-0.2954653821058301,0.7900542959387669,-0.17390323028682136
195,0.021387194216634105,0.49608216952428025,-0.03151283720925486,0.6381621826164598,-0.7201841715931017
192,0.7046732845676076,0.6172900016468548,-0.04934253387562499,0.1736317426004636,-0.3410687788577372
219,0.9646318158922801,0.43756929244374293,-0.933140023641889,0.7980978945837041,-0.35173672796466865
320,0.19904803209322458,0.5668632301179856,-0.36318144302326477,0.6492782865457136,-0.7912669658554752
192,0.06090811395967139,0.6262991650091299,-0.24091640161685285,0.0830462920481651,-0.3881840969388915
78,0.6529269850153719,0.5883941729659299,-0.5252366429684984,0.1072301452649152,-0.04526547769787032
218,0.09310640852848501,0.41822012653676216,-0.9402677613019471,0.6410579606626758,-0.13356476820564483
106,0.943969433657274,0.8978935438550617,-0.006522487708136187,0.4169736163565158,-0.3032712991338116
192,0.6672383956509289,0.06839939950532509,-0.07316984957485578,0.2528227550288324,-0.6610851851081933
165,0.1998418047982669,0.24046882799970953,-0.5722601205357862,0.3373501299650911,-0.8258536482726438
165,0.2454979127426849,0.5077817105555666,-0.14149756818077214,0.14620611454426075,-0.8628876281337886
131,0.03687776828372131,0.6988717905485039,-0.8872398093959032,0.5557302413581119,-0.8777814993411389
189,0.6895936170836673,0.08868697260616226,-0.04400402067744775,0.5276078213693769,-0.1755834352795151
294,0.8076238981873912,0.0257007425713311,-0.25474708811540653,0.01743661686952242,-0.27889131568073383
184,0.38418312470974386,0.8939331771280009,-0.4182910692561605,0.509795816239914,-0.7553378997952702
166,0.4965065610935016,0.5624911119363928,-0.5066331536356434,0.899379036171885,-0.3737447599648975
500,0.7787654218591618,0.33154979366912124,-0.9246952275744195,0.8377340599200094,-0.6508013720382525
222,0.9704865683189784,0.04492424953379343,-0.9921078987464822,0.02251165345607648,-0.556424062476664
210,0.21547622972322406,0.25407890019673146,-0.900953603184587,0.8368763866817727,-0.6920168287148555
167,0.899543132580312,0.846775522590953,-0.9005564658106394,0.280960267952929,-0.8146368885736883
184,0.5602279353249667,0.0853625270474862,-0.8108115202735524,0.8099772398583904,-0.02019282972898901
267,0.6783118473577192,0.14323558801828656,-0.3079202257361701,0.7143466843757825,-0.48777469163992676
158,0.8640212589257101,0.9485209448144281,-0.2104881824906068,0.6193377989835449,-0.646645679635021
201,0.6764822055320071,0.5622251514530371,-0.818853173235557,0.16493498273457924,-0.16922967016406582
187,0.8166291757381289,0.559704841823786,-0.34635538856281184,0.045352879505029704,-0.1971309278771503
218,0.646052426699933,0.7037584240993174,-0.15300329088984116,0.3718425306383633,-0.47978731346863884
225,0.46094265163088705,0.3794420386399214,-0.585658304089801,0.29616337443989554,-0.19618363742289718
103,0.8457813843997734,0.33389824881138425,-0.6115411929053554,0.7679226828829191,-0.05506582314546644
158,0.6859237734005033,0.8464108655632594,-0.35809414565284575,0.5471901034847053,-0.32906809472081383
187,0.587835292323773,0.5711102655514781,-0.8807529321017831,0.8963889977349411,-0.23768250364678217
180,0.6603111312997142,0.3097969959399202,-0.16616457417460134,0.8564917419756276,-0.11872685137886746
197,0.3524870492723519,0.27671751687540475,-0.8575450468373237,0.0672878446993252,-0.559129934529076
186,0.18706690835612344,0.8316923089513333,-0.10115844236955812,0.17854140475236396,-0.23207129269386922
154,0.1907045728352303,0.5136576625742786,-0.09461653331003922,0.7701398508796314,-0.5054066176260396
399,0.10727062121492154,0.35906203660013286,-0.602253585934895,0.3845668881563414,-0.12254255987882895
260,0.8816001469454359,0.05295192924625864,-0.49149873068226374,0.16818699604812198,-0.3555556497713563
256,0.3471041154878605,0.8275542326606208,-0.4195281357877733,0.2945887768634374,-0.19069933817422408
216,0.7251679572952344,0.7674372395053516,-0.13543867375587287,0.2695530647609335,-0.08783449797348591
199,0.04621121920598321,0.7218932565630808,-0.7167414924847384,0.2903806826643684,-0.9463810250041722
213,0.1268034534896027,0.4677398776457076,-0.8101194354709367,0.7272266491446346,-0.6918106599500301
251,0.8216546830840864,0.09794895881714899,-0.3838140476657292,0.36855821219422075,-0.4576034161354932
248,0.4181878116842315,0.49465920318670836,-0.9305095508662392,0.6172101939006805,-0.38691231559269984
106,0.5786625296491476,0.39109644504576874,-0.15734935503096342,0.7207900389492795,-0.42374709802445815
202,0.011773054952325229,0.701682764524014,-0.27187919483299533,0.5146721812580376,-0.6126526877985611
160,0.17520152735717592,0.7685903956186872,-0.38378317685245084,0.5087560069276638,-0.5928960320757901
151,0.8089840122035857,0.4359982336542611,-0.2865004310242962,0.09184289475999469,-0.5598028793738908
214,0.5581201852471364,0.8079127877263653,-0.8454109488188661,0.30311613791306985,-0.6126024921871407
139,0.2841484460898978,0.6789529980669635,-0.44217756046395257,0.7371861236566785,-0.9952514116701492
193,0.9182636227697732,0.8290772254362864,-0.22436373560061856,0.24969216525192556,-0.2452477038416881
214,0.30899286001026177,0.6384164432104552,-0.47507090279936875,0.1096585405675467,-0.18932291874013457
202,0.7428078646119691,0.9104758679010181,-0.5514276625325224,0.9367107319624305,-0.7570086035853825
197,0.23133763230191134,0.12502385083262796,-0.780945285160613,0.4393638345519227,-0.5792222631801451
125,0.9854416591230645,0.06195053892306963,-0.5014058564960163,0.8918571420711683,-0.09483448100405661
254,0.09455233970610938,0.8990517234057439,-0.13278557118741868,0.9394712942370005,-0.04543804163319504
270,0.6174163174379722,0.0053974616089223545,-0.1086097286358117,0.8177005981535994,-0.6685092009131197
166,0.0026844322169193354,0.5800429754391264,-0.22058577662368556,0.15487337713833,-0.19192065937118769
201,0.5814913311085187,0.7655372407796257,-0.4172626830111745,0.9625706940942237,-0.4526736790368267
164,0.2743610704611887,0.4807439698279821,-0.07607825579323796,0.019808379065899114,-0.11130801035722787
224,0.24114917650814832,0.7477908168420213,-0.6124565440802263,0.2580977639282214,-0.09259092115294437
177,0.164127127333149,0.00203538300598422,-0.639386956874119,0.9867955527574692,-0.7921953859389632
381,0.2219928706240039,0.0759081404350202,-0.2362952744413987,0.07442220677292594,-0.4415494485545362
191,0.9934845474840485,0.7260608901413087,-0.6173537788809343,0.8080762337717966,-0.5483511841569526
162,0.5819455110474843,0.7816419013113846,-0.44759326473147015,0.14269012748678084,-0.7593486464850928
144,0.6593296774735673,0.6185356953481146,-0.3990134610293676,0.46179918350899235,-0.784902734853533
297,0.35084967447320653,0.5380052135957236,-0.7766946513893452,0.5681738074635186,-0.7706435490472143
218,0.7616587406431179,0.42422372077779275,-0.35991951601023403,0.7100345242711646,-0.682023717047342
231,0.05553719531259577,0.2652905143587367,-0.1324945585521083,0.055602868239466315,-0.10752252775717214
179,0.30536699432051045,0.3659136590468756,-0.08441530213991705,0.8240755704701818,-0.29383368532731285
84,0.12876250445276888,0.3269698334842585,-0.6875523858962733,0.84359952227711,-0.8591506175628958
195,0.8258683577353902,0.16912312431583604,-0.24728914011520692,0.9122404108608377,-0.40348558247297533
183,0.4030388358693619,0.585884842129887,-0.7783910211498655,0.20314860104733606,-0.1173613520342443
137,0.31139894871837365,0.5925707816399589,-0.46046555689944973,0.9124954224302367,-0.7223083734865848
368,0.8549901439936716,0.17792976889706885,-0.7689009919539173,0.20458458268274454,-0.4635720159833732
169,0.8456523652788325,0.486653251501513,-0.8465039642233826,0.8707896950159619,-0.6020522592987276
215,0.6120564938463682,0.05202458873558941,-0.4205671767956964,0.2605598756313932,-0.2903070748652223
210,0.07536778619859691,0.6953502623390644,-0.44186663304076307,0.398240263605196,-0.9785435202583589
228,0.00912154238084068,0.6459797992416164,-0.25748400233716945,0.37391119672086864,-0.019045502522625442
242,0.4743175326508681,0.20588258488448735,-0.4554679717667252,0.7965951074424232,-0.3693071666578864
234,0.3138413920676158,0.24540916530884066,-0.5984244287054725,0.1774246378391307,-0.5722838223558132
149,0.6866062954457293,0.007916247831781414,-0.5613409518117366,0.9501998176850571,-0.19700021335352597
205,0.08024799159872303,0.7878170120185735,-0.8223049189219426,0.5685080162691043,-0.6169826926981984
161,0.7002158952446693,0.40111774488204727,-0.6408943991651458,0.720606285111904,-0.747976676686899
144,0.9728026201831975,0.010159293782687156,-0.3350965176653569,0.7901221623011302,-0.9324137640057747
264,0.14134536307086482,0.5655225035028792,-0.015848073742408215,0.841715431043987,-0.6472706631478257
134,0.18783869919159996,0.7324686116041641,-0.9915429143947946,0.1675428532864917,-0.9094500041850884
165,0.9594694536835852,0.2407067899095114,-0.23631344077759148,0.6217901747060106,-0.7371462277159475
233,0.22473329720191032,0.7625818291849603,-0.09806858073115571,0.8092824399833867,-0.38027168142701123
247,0.26346058757745733,0.33250507533776136,-0.8715480818955925,0.6147891473661613,-0.7886645999375614
255,0.9917865609766925,0.8907762024684979,-0.8662127336372971,0.5535890633237573,-0.25514293426971696
174,0.0950016074466164,0.24346659872680904,-0.6586919684908715,0.6563543802779324,-0.11012215471846815
122,0.9163923259647386,0.9144990405084935,-0.4091655449843162,0.37626991864492004,-0.43232866311957024
165,0.7143999506140574,0.09699658010315432,-0.41545582438182455,0.6766667315597075,-0.10150694412858557
500,0.5385052351798174,0.741778146004185,-0.2659850986544436,0.6611979719242755,-0.10246771064817733
160,0.2064617443688505,0.7649086937617829,-0.637568155134703,0.7386104615929311,-0.3522211666922436
331,0.7516242617100826,0.7198651796800739,-0.5154392292169103,0.9149180361698719,-0.4220246166599059
301,0.27408565111377853,0.5117751860321195,-0.9552088742186873,0.11874222296329168,-0.4052607200964476
96,0.49562291031014755,0.22885657051163893,-0.8988726130556,0.1275612787371156,-0.9421580645174561
190,0.3116053289543617,0.012976294142663386,-0.09220456581739395,0.5920374493816604,-0.6829950413245195
163,0.9579877611687951,0.7772450598302555,-0.9318979172819062,0.44321804536172565,-0.5879485214964116
227,0.7786849007618106,0.6908243498994782,-0.5880975311370872,0.6190205973255404,-0.8589397694888996
221,0.6897316828932764,0.7994935712322059,-0.7490258232768435,0.7065485650221952,-0.15501939569180162
126,0.5219191960656654,0.5267953822316527,-0.9401161806464768,0.9135210038767255,-0.6908756073589443
144,0.05290291582739543,0.7498304254709589,-0.7226859099741513,0.8543919837915359,-0.5708941308186841
233,0.7114958335380358,0.3580936396465066,-0.5864821880195196,0.0169140424729965,-0.730878435524133
167,0.9798161104877704,0.029707109550918993,-0.6356728911121953,0.7802572385561145,-0.7298063235134106
238,0.12375768640930046,0.8419802532967164,-0.0744300336504457,0.4744068142999543,-0.5779508682543116
128,0.6096162993616152,0.6000218270508857,-0.09923484979464542,0.92775638146685,-0.8030979147273352
210,0.4597968452412206,0.7881155707283249,-0.07894990264105778,0.03293678512296911,-0.32277601305564535
138,0.2733980003420435,0.5877134917930682,-0.8112751597678867,0.38131316606572324,-0.13190376651236319
234,0.5509821256061295,0.012324714304074618,-0.6078855538300716,0.8189212231752009,-0.3885601672363362
184,0.9008221887578135,0.777205035465214,-0.2820727742436428,0.987009736979958,-0.2817555234885221
132,0.6733583412343243,0.6775467246895036,-0.6450383959994102,0.6459020048389134,-0.1370360704143288
198,0.9230992485938188,0.011090361534938425,-0.5382604986264896,0.12451207259673308,-0.5653958657739052
186,0.7360725637094876,0.760247486567135,-0.7478859372804718,0.7136762895523261,-0.8776226516419022
98,0.4315668267256128,0.34520297034104813,-0.5973902476369267,0.1870532572287486,-0.3839512849828564
143,0.9894182210057074,0.6423660780239455,-0.28608274642862724,0.8365138045979603,-0.4867716339575489
171,0.8282378470623212,0.39769017630666076,-0.8112347381543455,0.837993680300547,-0.4892709339661863
233,0.7339075210817488,0.28715107916549226,-0.3398626182670827,0.6513901622097822,-0.863090036423996
192,0.6631020744401996,0.98998495567012,-0.4601282906579363,0.38018118950749463,-0.7014252892899954
201,0.6242737396059416,0.24737701925477756,-0.9857158416421082,0.7587859410232709,-0.26444948627192794
260,0.3092366917415211,0.6427813653559608,-0.7753612145978661,0.48199129409871283,-0.5229248892241828
193,0.8258836864789032,0.1898909089414847,-0.19531630754489776,0.5176181481674291,-0.001640734842418395
162,0.6756440471348979,0.20856776334172283,-0.2322652088596006,0.3884535773837579,-0.351140909211672
217,0.9732434781583534,0.34282396913442753,-0.7307809008557863,0.9095085262429949,-0.5079978265857555
234,0.22203894974581312,0.2933701422601754,-0.9316368116875658,0.14730208389210492,-0.8067895457153547
200,0.5317742165116289,0.5008416940549968,-0.8062494708075053,0.9912035644578043,-0.9277098601694681
256,0.12053066004162954,0.7466430827085332,-0.9381450149967997,0.2912902942996883,-0.8514050492524438
227,0.40860575698812535,0.007348576315540372,-0.4268907914229609,0.5310225882473523,-0.7323033931132876
132,0.8353875292921153,0.43538316544550254,-0.9160827596249157,0.5359741308458755,-0.47082624697375225
164,0.08270111982104339,0.5965866711813557,-0.939307452812571,0.3673216782763639,-0.6031752615460527
184,0.5710619271426132,0.5253192759254894,-0.4681033127644209,0.025802941731977898,-0.4433323233178172
152,0.9192201803770523,0.5771741685822526,-0.6125949605087991,0.3038512457058485,-0.729375555375656
161,0.7057402463709577,0.2803673231961484,-0.49240667112010733,0.3433082449232146,-0.10678924165043174
226,0.9408232504558554,0.6040442762511131,-0.9007956885177475,0.2664041614116455,-0.5384967989783396
133,0.29634528051194614,0.8764650624321184,-0.20731062889941093,0.19210629087556413,-0.6837335676186794
232,0.09589159677847875,0.07832164514798273,-0.2520920872623678,0.36327641916381753,-0.682056609980903
206,0.1527568155811066,0.27559001327909266,-0.40648203412592004,0.38312384902279534,-0.039577823160008414
243,0.8898184414020147,0.9728858847996602,-0.9678435435622303,0.12289547944250206,-0.2658327583333459
500,0.5537575574809807,0.8914958569265099,-0.9886678890501862,0.45682883710567895,-0.23804806354730962
200,0.2331364797989965,0.871823599887953,-0.16865248660858928,0.8077373059373758,-0.9840090790616312
124,0.962707201852253,0.6248992600065039,-0.9160300334708745,0.1273403370114477,-0.7486592900271325
214,0.06496477597891698,0.07938793948982087,-0.5913356004007448,0.4347065045815705,-0.07063328454481649
210,0.723174429462586,0.08004402224931989,-0.8867517355444416,0.3552676585262156,-0.06072782893341972
234,0.9908641298465495,0.4713181654377138,-0.8693914698849571,0.15696765366430404,-0.11281197814432858
426,0.6278154641382309,0.0774297707560832,-0.13017783756613094,0.5662759240539399,-0.002459957842928356
126,0.04260219009862671,0.0793996914886041,-0.49283340680905013,0.4973951432011456,-0.5204379668339006
114,0.9899066219932797,0.33280659819435615,-0.6442225266963526,0.6061100427350234,-0.5655214841102759
368,0.13858579639623064,0.298067271050972,-0.6067605780768695,0.6640767549448788,-0.2633502946768856
180,0.7664667962573153,0.7172182071407353,-0.7711064229719629,0.9376688134137228,-0.13678483272342473
176,0.7659827887851837,0.7368980959511015,-0.7005624163449947,0.7465174595870233,-0.768080740187465
196,0.8233221332416121,0.38696491073760414,-0.45277132288915795,0.2723700806801465,-0.9593945265221566
169,0.3901170896895771,0.6003590806334329,-0.5231012925292677,0.988318642378885,-0.2152827069680991
130,0.36237031866514885,0.2690162532853047,-0.6037902149075871,0.9202757061582244,-0.4327408073275864
203,0.6479944789165341,0.6196393913208408,-0.8986397329400146,0.8872569378275097,-0.9512321289806042
408,0.19442186235736864,0.6029226698485004,-0.397595995808212,0.22816600570878803,-0.6413612514992706
208,0.22834031045966957,0.8824172683383305,-0.6318312339988007,0.4940829991022831,-0.08122481142383914
237,0.11018301981434758,0.12406793067456728,-0.5698697444296719,0.3420054645538348,-0.730302141946511
154,0.6609686907540024,0.8747067894265235,-0.1990704698799743,0.7023536920226588,-0.26118529978148336
251,0.32817578354643323,0.8777103288288554,-0.1175615240396986,0.423189664925639,-0.45129327248897205
218,0.9174446647476165,0.9623550870814724,-0.2023103647013757,0.35668021698060753,-0.16138608678650573
273,0.46076567644045413,0.8843433121150917,-0.6079876398271435,0.31289650192032087,-0.25057157309780437
180,0.5997605586784353,0.7742922897891653,-0.5876420502557809,0.7975193280708593,-0.4110190517860199
197,0.7952156177612629,0.9432552729461608,-0.13261283387882622,0.37519673995901076,-0.5938084160908166
162,0.6041644633017561,0.20937533055365204,-0.8351606737213612,0.7267821160482149,-0.11575105569602567
204,0.9211545024195317,0.7246976643641408,-0.24545746157367992,0.959848429982844,-0.09295369839797912
208,0.9865152760713939,0.3558396505870917,-0.8426966264244453,0.5679373891037233,-0.2967470546424901
189,0.9125187554665319,0.126818652797328,-0.8456725480907527,0.16557262218222807,-0.25863260466852817
101,0.5198865283886628,0.5973316345374395,-0.14078960816434477,0.4329191292964634,-0.05649581977475721
176,0.7824971710178285,0.2796516247064687,-0.3049235161945823,0.6128696823587639,-0.022872075955745093
165,0.27401196041705916,0.770715134469453,-0.6798646027245628,0.3501132553470923,-0.6147901774847672
175,0.7440078949456082,0.8862517641641952,-0.438171134770263,0.9640051321271196,-0.31136689245887356
193,0.812099501100453,0.9549308121726375,-0.46609406767394884,0.0852235263528816,-0.9611837122577374
251,0.7236152832303738,0.07496452962328432,-0.4847096029785741,0.371704978280687,-0.9713248732061847
320,0.09920210503184584,0.4018608776121317,-0.23619238927658964,0.06025144991952364,-0.075083735693323
167,0.46952908196916504,0.07432583415013799,-0.7465192992480887,0.7655227612502649,-0.9373803018264192
215,0.4565098872415027,0.19226978713801662,-0.5527984660226166,0.9836475112363416,-0.011384372542958826
217,0.6685197890758271,0.7438994487956412,-0.1428428869815131,0.4670575525276784,-0.12948863090250978
224,0.339536876313078,0.41342585352626243,-0.7737004191904672,0.6135025248398611,-0.6313599035121628
268,0.5244608764102064,0.9342410637861833,-0.731248352285069,0.5866324089061411,-0.7865887646995263
222,0.030250547567386273,0.33906471496811824,-0.3556065396765931,0.9301738444470458,-0.07171281031294635
395,0.8631200276795521,0.394055475766984,-0.3422787175590872,0.7222226651386106,-0.639743135392861
172,0.6319036962449941,0.15415721703159274,-0.655257822087703,0.06783536594785561,-0.8386204274240584
166,0.7022453403570054,0.2825222205420784,-0.3312068183424795,0.8370180394835468,-0.988168970784402
223,0.861959387221244,0.9418440957052744,-0.4993235757298668,0.8970761555441492,-0.5408864747825691
264,0.37953065261364954,0.522868629319544,-0.09864103325860779,0.718800839001333,-0.6589049303225444
141,0.8274690553131859,0.7513752060754859,-0.22476280639936236,0.7419555006740073,-0.04254246011933089
198,0.3584216425743993,0.19585956631926377,-0.3321166193776229,0.9592383884462277,-0.38179553876824074
214,0.21610735212154314,0.7355415592578788,-0.011332124790300052,0.5120746750492147,-0.22924946889709846
205,0.15579512217838926,0.818360217821968,-0.8118321735865897,0.974260586273245,-1.2091898250693982E-4
115,0.5754517183875241,0.3036425045047387,-0.20896839538529816,0.518603121516677,-0.6065364221424252
249,0.9572812973821697,0.7850555220444219,-0.3719558186793122,0.7110871607355511,-0.44577839441295425
154,0.7168064355734995,0.5293384869695277,-0.029280669231183727,0.4862724078216198,-0.7463151751423467
126,0.23450852761588875,0.026437166004659014,-0.05915480029781512,0.5494715973335667,-0.6467873918180145
268,0.8548260313528783,0.3077793918995942,-0.6498955168318094,0.16272955246894988,-0.7894013889293781
196,0.4610537996216301,0.31208903011031636,-0.35504883446055796,0.6537575609907423,-0.6925168400853683
202,0.17042998318450536,0.9272698414536019,-0.15357161053013008,0.4320460042209841,-0.11722987109362965
137,0.0757364993590815,0.8170261611922914,-0.28012793067876746,0.02093192400778327,-0.1750239581406428
150,0.8051824408717315,0.3396637478381899,-0.17462636017508432,0.7584642837118326,-0.20000026713243596
128,0.4765699991590237,0.9854112147354319,-0.35240962169578355,0.5036778264026998,-0.7479756861240614
236,0.3067291135583104,0.8410218495743128,-0.9902111887163549,0.9956041345528694,-0.9886613327942894
245,0.6877906382265513,0.23854942962717768,-0.39196807266677797,0.6752629115535568,-0.5206464158634351
146,0.6464485489150373,0.5482950740676681,-0.6133729801683253,0.29944907445618957,-0.9751032208074817
138,0.6456396472569564,0.2539373300099265,-0.5277966954809321,0.006862256251691739,-0.9344274921467307
240,0.7247307101361687,0.7455129011981915,-0.21181068472521386,0.8627160481442099,-0.8324684144535783
285,0.8438359146974531,0.9137268277337415,-0.03974520106177721,0.11264861755199279,-0.5822455762489683
159,0.8219006022193326,0.21889021510873324,-0.5870674954173516,0.05402955926305326,-0.9525247465177624
261,0.49291917293517634,0.31180169220675885,-0.7471035781054547,0.9018478765843485,-0.9344947770595837
166,0.5025538432190125,0.2772643000977733,-0.1530047972619541,0.9861510120656328,-0.009608395450831647
253,0.8329683824768935,0.5994155210092325,-0.006512928236094345,0.18124670188003517,-0.863894406129686
193,0.7498718771889864,0.5133177352958914,-0.7023215737050299,0.5699589153493427,-0.1439062547884608
390,0.8288338984828014,0.8237937357182402,-0.3031218959684318,0.35076429286903504,-0.029564452043222618
197,0.509383291392865,0.08123080320879544,-0.5512795786166242,0.3296593205086468,-0.41709158476839886
358,0.031316564618267435,0.10917486938249704,-0.28625100289693756,0.3062001530286485,-0.7291688192599026
149,0.7267911417764747,0.5049666517549002,-0.41445486966012995,0.08268217417155005,-0.7499723661599371
212,0.8451588131275672,0.5854952408866057,-0.6183784811677416,0.9378100703661624,-0.47693611024475363
219,0.44319013931931844,0.7736752054570045,-0.5451789673652111,0.5258642956834377,-0.7073930219188371
161,0.07188331091832895,0.8794708235063747,-0.4562470659721986,0.8247308711543889,-0.8625821988133742
212,0.5876606316919621,0.7901850078652131,-0.4483933876001695,0.6469339283921577,-0.8058159246759665
137,0.23715048876416672,0.9424895477070814,-0.8756620139075768,0.9603860619888532,-0.8176047993965879
136,0.00939108351019064,0.5068351539703305,-0.4490854571139565,0.10422343142644835,-0.7425834931237707
103,0.5412594465499008,0.6489109082203792,-0.27558417843344246,0.8928968338915384,-0.21519744822976156
163,0.699809901404479,0.279711828732406,-0.9025903667671071,0.5232960183352989,-0.294743314355909
207,0.03866227479067703,0.3096163211371937,-0.26901893110224423,0.2703624351505653,-0.29036809025389393
170,0.4534897663560182,0.8955447868452514,-0.13724698310954836,0.3602564555656819,-0.024543407402233437
416,0.9370041967951482,0.814626937577215,-0.882689432317276,0.8899470391195291,-0.04809476127125451
154,0.741738174597275,0.25106596498707917,-0.8027237210398883,0.2195261742991234,-0.22643791582718026
186,0.3654633898310496,0.05409567139605249,-0.9674118084473098,0.36143276067987334,-0.06798594914149864
142,0.864844883298655,0.9966374360450907,-0.08944881185676118,0.5085267140382894,-0.32797451162579877
285,0.08140170120769591,0.030899609497092757,-0.5674377829216067,0.012809639541337797,-0.6805368245562836
254,0.5010845565177465,0.37664388087357886,-0.9197759214964751,0.11088224621146331,-0.7386766082260657
184,0.9270222312115041,0.3354482523791554,-0.9388981945383955,0.7432350905031183,-0.7274115277363563
500,0.27906125175095603,0.618869852577288,-0.2767055166130265,0.4894016969288382,-0.6545261900137912
181,0.30546695398908014,0.5223455920827866,-0.852094901799308,0.9260999534839313,-0.1990878286474142
151,0.6142419369596261,0.23231766325665332,-0.12120348953226151,0.7443310900111507,-0.7515602281645183
217,0.9883028239282527,0.23048832655544,-0.4951016564656155,0.8938965409588174,-0.21864950072793515
141,0.6231020892178045,0.4842727130880146,-0.09757510155110066,0.6834072140792469,-0.9242043873116553
188,0.49148828541873874,0.3974640402272825,-0.5304213052894199,0.9121372935548242,-0.6896063510202712
123,0.7648570693678758,0.7376134810836766,-0.3842549689995323,0.7684451491121822,-0.07919589936834742
238,0.4406625580280141,0.6132695830347069,-0.7839104956685892,0.23988454511593776,-0.6055880685562283
271,0.9700714551092989,0.6612455371469371,-0.5141732113571279,0.8270290268172338,-0.5243332677166723
202,0.4930582239198554,0.9680664154327466,-0.38554936297895454,0.9508101472726959,-0.5159463164411878
216,0.35943580113707757,0.08109021465707172,-0.867097801769702,0.9239535375827465,-0.18599553419274012
160,0.7747283525538758,0.8077138691166174,-0.48275434319145555,0.6755240889783932,-0.017189633403670364
175,0.3997183697084194,0.2453794745977102,-0.38169293248027575,0.6201048032930772,-0.9466906214355469
113,0.5384578059854419,0.7060896975310588,-0.5347840064965316,0.5507320756390245,-0.7873643903983508
206,0.10549891649484339,0.9433261530520293,-0.10626594223650215,0.6793289231179428,-0.9632312074631142
158,0.03816762722557771,0.9847554149055819,-0.625472320248172,0.1042674228888763,-0.5687141076641274
152,0.9960650030867219,0.47590378013657303,-0.7162111871779627,0.8674884604335352,-0.2600399480486327
371,0.9664241417646391,0.0015199451591357323,-0.7332664900594665,0.9509807898440036,-0.4310461106482834
171,0.23121092385304404,0.24496180441401866,-0.4880419980274618,0.9014553963004497,-0.9962150802170288
133,0.3075594829880384,0.6361843470458611,-0.8327009926779227,0.3597788844361372,-0.4901879891420811
196,0.15516291063837812,0.34381734683294,-0.3027899715059315,0.5064572872391478,-0.0881339630286328
189,0.042744540903511714,0.323629430699172,-0.5084804118853468,0.5168156767285996,-0.21682713848210283
182,0.30513022678210194,0.21853507358471141,-0.6267387013580042,0.41333630466695953,-0.7934476754247788
182,0.8061100212540396,0.22397483611771046,-0.20887372126452458,0.6471240728371911,-0.3331215425330793
299,0.4238332823019449,0.2721801615122453,-0.6093571453864873,0.5363724836828042,-0.09236526066060508
271,0.6617853937531396,0.7324573029271955,-0.6938673948041396,0.7631201148082964,-0.6681002596876042
106,0.7407061605495474,0.33038450848107587,-0.17444646069240616,0.4089656794041752,-0.35630520386895476
249,0.557745914853633,0.2767348494186595,-0.8183380601340611,0.33282933438295953,-0.9165152748722565
138,0.5443485263793313,0.6297032228578284,-0.4415777876010381,0.6883919480056996,-0.6935918113743622
267,0.4489769345393025,0.9384404250846551,-0.7823595042136781,0.4559160278410294,-0.036062425424629736
96,0.10237437260909094,0.4626854362686799,-0.8846653788723527,0.4699004072321354,-0.28131287555518775
192,0.38315812826818946,0.784016007920105,-0.9587609317471308,0.5073039070677129,-0.6194860094600303
179,0.24036365827621792,0.6756902218250381,-0.1499039664480734,0.6505731488734152,-0.9092663989149299
189,0.14844002374719495,0.2653273249680968,-0.5294244614392467,0.665150767109332,-0.4138708195689544
115,0.26857938951871513,0.805722557923132,-0.45634116851481615,0.3587344883339458,-0.3067780663131801
222,0.114657824141497,0.724573815865013,-0.4119060452493862,0.24409393463205348,-0.7303818757539117
227,0.546008250582167,0.02754794792742838,-0.48221713460592336,0.7974939213649177,-0.7298509367135977
192,0.2043547495443217,0.9349847027701076,-0.4002584525229567,0.4710567969886759,-0.6229400489096821
160,0.3517788152618871,0.10679188403627599,-0.7951766662081476,0.8515911409259584,-0.8415335442279261
257,0.13424471069066718,0.9562696198856813,-0.4700317429274407,0.8876633909188207,-0.8210447994805999
207,0.15290081400185979,0.8914964144657254,-0.36395420301654086,0.6635567041618634,-0.4125975915837384
213,0.12533481028899934,0.062433089033140106,-0.7770506262421856,0.2617371023271546,-0.7155278608018542
98,0.026460963518988252,0.27466409024281685,-0.8456916106511995,0.6149120168416553,-0.545767441273819
183,0.7230779120610352,0.4931577902058983,-0.8105716473528737,0.014874913717342791,-0.5299179719244006
223,0.32894905786905687,0.10277406102284431,-0.9823344912692431,0.8454322453864599,-0.4311307981087337
216,0.5579853930798926,0.6254240473421229,-0.3197826693956078,0.20123040280590093,-0.8059196056138311
152,0.5734338737553618,0.8473298513720282,-0.0703551074487207,0.5312372429711073,-0.4723934459218811
254,0.2505777516378804,0.39940265368225086,-0.22242455833965508,0.9350680750208172,-0.7089847470213352
243,0.4481510623859673,0.4835470792636573,-0.5522817556337609,0.621636588170172,-0.5858655422561089
162,0.9889870374052226,0.4550983521827983,-0.5078152480305833,0.49516180281387095,-0.466936568125688
136,0.5121204159996673,0.49578765493763904,-0.9812171140472548,0.9343340445502164,-0.6221411369015647
198,0.9276764878666082,0.14002171839617245,-0.7740941034968363,0.7196115349538683,-0.6170648171609829
161,0.06221441446645299,0.14489627426213042,-0.04886163203538347,0.33602518121059716,-0.9531487262201463
171,0.6444611009408371,0.9827410088877082,-0.17955294979920516,0.5351861572339285,-0.10915714878532728
204,0.16232043429440707,0.5579225695998161,-0.8648162097810661,0.9259453828335041,-0.0165230131652438
284,0.7012748874748013,0.245053013499218,-0.257082604422976,0.7840298392411696,-0.7257820719702331
205,0.7426608779708864,0.13366868143448657,-0.004531858218460199,0.5070263848891204,-0.9301122813868842
195,0.461037413295959,0.07237563934448615,-0.8337678685050012,0.8637831789984022,-0.59715369569225
76,0.8528780445210324,0.5740648039054341,-0.9827428500516805,0.31459490133173645,-0.5500610490826957
114,0.8757505158085929,0.566595939317961,-0.6373576463742981,0.9842841017673549,-0.7445582604815072
182,0.6261868975926889,0.2556456454815795,-0.18922887327683152,0.6957260229772242,-0.617578078560826
124,0.9649580559447285,0.7699169188959392,-0.5587011785972094,0.1675643784710485,-0.8502120481920626
159,0.7769179938561177,0.9296045685417493,-0.07808910779916739,0.7412973625050073,-0.9466327239786037
150,0.21240264908283707,0.2372768068360251,-0.8033744987890981,0.03351073082063056,-0.6672749376763736
372,0.7064011056745891,0.9933924145950255,-0.6172907873152068,0.3934537118570364,-0.17495636905229534
200,0.513715699425436,0.2068271302517804,-0.7138512843324618,0.1801041553926494,-0.32441507619071114
238,0.6817922228221861,7.999673289821844E-5,-0.9721167153710036,0.23768928993300847,-0.11452239985932805
148,0.5790082157344015,0.6740414528275439,-0.1110504729829967,0.7965003410342613,-0.9957858040482163
151,0.4316616801043049,0.18031910336188,-0.8574439397963601,0.5733103941148664,-0.5789307318400816
149,0.6291387888994526,0.2096983402117008,-0.9043959187174457,0.45440813868491653,-0.07863510459079676
246,0.6766040327687475,0.6404431821176609,-0.3958276731607416,0.7990069278865473,-0.07074096023586135
270,0.6992015593363199,0.6127792733221368,-0.09425248535212832,0.676424454905996,-0.8042502808763329
263,0.09158799509500265,0.49189662791668004,-0.06055626576501034,0.09011630145124544,-0.4218245524934002
193,0.08150007981490343,0.38690945139962113,-0.3594848946473142,0.450484361789311,-0.5888947536420797
221,0.441153728847725,0.4627488758133335,-0.9677224948171511,0.5475043431007355,-0.38740303290215544
84,0.1851802890493916,0.2071342932248193,-0.2337723919126174,0.8717949339280708,-0.9732984348600288
265,0.8039227684152654,0.8706350494257562,-0.4645870590446593,0.8095465524597478,-0.9958952350290026
150,0.9711389161638829,0.5894830381869495,-0.5531789423750331,0.2750835249474474,-0.5937192279148387
175,0.02737635563848801,0.10529913704573274,-0.4018833969553774,0.7113171894071568,-0.8014275858253003
64,0.8272787638572243,0.6789605566787369,-0.8584293065167116,0.7513669370384155,-0.7443260858401539
91,0.6487721381418216,0.7133462282898179,-0.38714028024232555,0.19976185177894717,-0.9264041683119696
81,0.2972517659994079,0.6754937962997012,-0.7905996788014356,0.708526649558751,-0.02751757991420762
148,0.25781872249635424,0.6113165660114728,-0.6096204488038766,0.949442743841229,-0.2235543271556249
368,0.06023903918798907,0.8682305999989403,-0.08885154761897557,0.9706737572544173,-0.7217585757520677
257,0.6388528125449235,0.017376673929828175,-0.8732538627998141,0.12762987277239818,-0.0391616524824397
130,0.402919763280085,0.445857069539701,-0.5218940098903404,0.857640055537318,-0.5296941560154377
139,0.4454292539388571,0.1065076353556012,-0.34327148017547054,0.515420085873312,-0.8836449640555964
199,0.6285490711803075,0.2968077272738631,-0.2276554463046448,0.23610706795707787,-0.5849101297433215
222,0.7622270322345568,0.706910167393226,-0.22953500764840945,0.7666724823215216,-0.977348222036477
209,0.24110580039364532,0.4640524285165108,-0.3429062076245382,0.8841689245439377,-0.10410612035589822
123,0.7849111016090049,0.192416807952352,-0.4223465765815709,0.3704588289593828,-0.7564648762682741
302,0.732006584964829,0.03334347478952166,-0.14915214369259006,0.8109341486631865,-0.061105147318629434
191,0.28810778771303963,0.041104238968530056,-0.6454774115594143,0.8451627683515417,-0.31776451760774244
131,0.61826784673547,0.22331365038308654,-0.9939893235771307,0.7746420928176724,-0.24664600906401507
158,0.2981150476573559,0.8562610173250425,-0.3800611392729704,0.6311790461462264,-0.7256171540002103
232,0.34770571431983005,0.7256644068433467,-0.047377468746595604,0.9523690577277681,-0.15801684094409446
189,0.8866678178391297,0.34273858922410977,-0.978773472948271,0.9403352292580014,-0.578264157629142
199,0.4403995758803419,0.782043162131598,-0.17717681205858488,0.04051307094626739,-0.2581434329296864
169,0.6544259221136316,0.2379734827945485,-0.5724017503206345,0.6677881990378607,-0.1630280851462414
171,0.9959336371219096,0.6523628960420513,-0.3631540775754219,0.46979202111270973,-0.25571739175216973
212,0.8803880294393804,0.27921719840301956,-0.5636603625981531,0.15846106385055664,-0.5559751871853296
239,0.5107226515746028,0.5516857799142899,-0.6769746706688249,0.5665027681741744,-0.5154433725173262
96,0.5318220902821847,0.29147439319984453,-0.4022214504346297,0.755436155981646,-0.7273587295534575
85,0.9450022388612744,0.53690879933225,-0.8290592077709513,0.5014374425008908,-0.4177232748209036
167,0.11733217335208673,0.5771805617182757,-0.5898162071358716,0.3305799446129348,-0.8900174226372363
250,0.608920175927385,0.3910226282473505,-0.09132291754630645,0.5604218204483877,-0.18543272270403593
162,0.43526481200993,0.229725628137397,-0.3274622169020986,0.4246525389344585,-0.21694507711183825
173,0.7338298799793742,0.16544995166025372,-0.34558559661994087,0.4203476540642514,-0.19535823414766146
278,0.5358365117842697,0.35764792202297996,-0.19404864909576497,0.7999686099874677,-0.6027745772470798
249,0.41871377377663305,0.5368231992693221,-0.4568145859004992,0.6993516551017749,-0.2349510092264892
125,0.046300444346384424,0.6519153526597062,-0.7454541344395438,0.5561849473768852,-0.2513445643887275
131,0.931126747612832,0.5535717849029789,-0.8324465105646708,0.5001161783590399,-0.27104534966026445
182,0.4754541023692556,0.24052388605955916,-0.9079947605050143,0.9799655796689611,-0.6403814003531484
111,0.36375173267218847,0.18301987002379855,-0.18604948015111084,0.11491487158025954,-0.6139351753142095
225,0.24123484904430964,0.41615730175682647,-0.67434235705187,0.8212209393683841,-0.40029418966506264
148,0.24632707832862483,0.5176366089799751,-0.2858907894645433,0.596920785616228,-0.513678929122449
218,0.18059602205097597,0.9854678115978612,-0.5122779669596402,0.11956069776834449,-0.10593795059722882
169,0.561188932173279,0.7090454012631282,-0.02503889789183595,0.8144673110445629,-0.1698121708856543
81,0.8849667513964512,0.6423792670496398,-0.38804427045554474,0.27989030402416376,-0.12986170621718646
203,0.4599494375534991,0.02292635045133668,-0.016057327891070568,0.636572902811611,-0.40301596564810654
191,0.7411620673566974,0.7105379892645316,-0.6610438987041222,0.12919641795499764,-0.958064598619578
273,0.9080042127533212,0.6527014846416739,-0.18486683988438418,0.4953956574669552,-0.188067440639128
141,0.3835420329240406,0.7076134002700094,-0.8027412359301882,0.819108551955484,-0.5927979382398813
324,0.14985668908286548,0.603662394126051,-0.43781246382593914,0.1337869895185559,-0.3200657906526963
153,0.9185561588392077,0.6606874197632666,-0.8605241908778067,0.8905182491795847,-0.43276255061724195
214,0.7770138368669458,0.5239016355994282,-0.4043516546725135,0.47630599113229694,-0.44708133210756446
225,0.7607191385243409,0.7296909878659146,-0.46076042259462396,0.6352364288516346,-0.8535746313833649
175,0.8549252030049375,0.4790792313657343,-0.8441780992085756,0.3155997909459564,-0.896745858882323
196,0.9158326592461932,0.08510141599328597,-0.5112531504878314,0.20134917119513557,-0.33814677840306534
186,0.9177048506796223,0.4628595045079375,-0.45924214328430607,0.6417399999092072,-0.3247395860157402
88,0.7123106058540716,0.8253827074670805,-0.4118041104841533,0.1476943078474146,-0.6083193890548365
112,0.13892258373371563,0.7250790138122069,-0.3033722023307915,0.6718457452097294,-0.4706105518108768
260,0.16732142679099,0.02553160526819482,-0.7557891726888111,0.3909533494195329,-0.6694696545818039
152,0.931425351868685,0.5597694390052727,-0.5485200234632559,0.8761579151883058,-0.7999879969468177
117,0.6867938268909431,0.37531468748401714,-0.15183530914497761,0.5665845088121897,-0.8358351149546768
158,0.9949320544994218,0.0025964029492748283,-0.18864756297369217,0.9128220346385141,-0.6992487464042157
276,0.6459311899178924,0.7171950518322053,-0.8122694973906955,0.6806924960785626,-0.695954740408872
126,0.12113327443838223,0.3727531839429504,-0.05967091149250509,0.4482776083509474,-0.1544153553166671
207,0.5416595832134368,0.6305297785990158,-0.0465300476953024,0.8305385993900151,-0.09811845537135239
194,0.1644505791726037,0.891654388503001,-0.8745285125656745,0.3777522667734076,-0.5539855173838517
198,0.015432077624515988,0.8594710151538755,-0.318852857339673,0.5614678964592406,-0.7813122956128106
141,0.6028190506742833,0.8068227168311036,-0.44232401849299446,0.19846210057970953,-0.7971133192016948
250,0.7321942769293606,0.2543527275740483,-0.3390582524306904,0.7804207919334387,-0.39726799989069156
172,0.23532700061116157,0.8341933781963112,-0.8137096626785539,0.9073855580999244,-0.23381174082651318
162,0.1903702257290087,0.22554216931642163,-0.9650819412911512,0.8118800016978025,-0.7164094901133228
230,0.30888183370546046,0.04883623384278175,-0.3034504215849348,0.17969816087375495,-0.9104752328376743
204,0.3028676065937174,0.8082562126536113,-0.9210569903934442,0.24018242398787798,-0.5903998272912984
216,0.8289958076086796,0.04910721195424823,-0.5457945872961508,0.07004361071582504,-0.018004735681018076
217,0.507868262992085,0.9482911285555841,-0.343423325980637,0.2898263129824263,-0.26541951869334707
316,0.9131526248499297,0.6919006298998179,-0.3773487488229114,0.6068112391422018,-0.5452603725798786
228,0.1712246325136199,0.7617149808160708,-0.531010725481168,0.13807695765810718,-0.36516412280094585
278,0.7900003135866744,0.5495218683868098,-0.18221641823597495,0.4126547075849272,-0.7096925235004081
286,0.7634175459087371,0.34417686852212365,-0.5177197028381404,0.2952979553383019,-0.9558758347627516
238,0.7629223020187844,0.5274003054773846,-0.7199359169875525,0.5789127246067731,-0.3801643643875779
190,0.32015742886241055,0.3335731945801354,-0.9358556557367324,0.9196089119421192,-0.6856836976076973
155,0.04958936237162998,0.5652033346875799,-0.5610966580892605,0.09679106140557908,-0.1126523748638179
176,0.8168694691326887,0.31748032406153,-0.2750156940173168,0.12342362710786509,-0.8784090084644042
388,0.6152460729823959,0.7338087974333611,-0.3293999729025902,0.05667765310208223,-0.60429973010254
118,0.5466580529119928,0.3562398713404374,-0.9494761962084289,0.278003488037666,-0.4322114787114389
181,0.7502096099746577,0.2520837408383772,-0.5714620979862357,0.8744516104974356,-0.9299244708661306
272,0.3351845663300215,0.2242218917377113,-0.40319474945563466,0.40434924075439277,-0.4035455441192925
196,0.34296009819965273,0.34866649688612966,-0.4040609347535707,0.9989021707356274,-0.2804059909893282
105,0.35363127013354173,0.39406632888117094,-0.8458632081484125,0.6586490727244677,-0.6775303903431086
175,0.2890051832759138,0.5562452130754466,-0.10815437633383523,0.8593092619230414,-0.5753598057775685
89,0.5050998957129067,0.5682178551429149,-0.619091481119535,0.9603304406389732,-0.2707988871710924
142,0.8002603312308556,0.9735836898607407,-0.6133245698726586,0.3918918454806843,-0.10227113667805349
201,0.4160718959762261,0.54354816462484,-0.8350556225272692,0.08087757063115225,-0.6690962623282125
380,0.16597510667529441,0.49130371852057336,-0.736930134633241,0.9563683068000269,-0.6480108131475704
215,0.22172663052196045,0.05115716797711806,-0.9602205325573285,0.20045432212924347,-0.45938562769156016
195,0.7183573846478057,0.6318556308773648,-0.07890326472176362,0.14058349796110098,-0.6717619036924911
75,0.8038883468577944,0.6955338940235799,-0.7865881439642896,0.5636122716727462,-0.11815030035873225
139,0.9062287151923476,0.8859856247346738,-0.42366443586092944,0.1264539326987581,-0.23431231584658535
267,0.3381914135505422,0.3042432179409949,-0.5479891649406181,0.5196955026479461,-0.6102499914898836
124,0.8386352355823737,0.5742517595888895,-0.24101707941759737,0.4319045532440185,-0.28902307578085057
193,0.8008804233422512,0.5484110628457548,-0.308019597950735,0.8408268292678609,-0.8355045478431915
160,0.8658169844205389,0.8627920315428498,-0.612233710602343,0.8816827593623855,-0.7742892361023023
240,0.04678640959915254,0.09086038721926742,-0.6312375805326811,0.7715510137229884,-0.5356826441636238
160,0.4839062697510664,0.610768996137102,-0.4180772546378924,0.2287256376347087,-0.7738211486005798
139,0.7228557607604266,0.32627991906671844,-0.6152177989679256,0.10842315981215328,-0.09843033262515039
239,0.42690850466923497,0.9189971079717132,-0.5225686401907826,0.5340392491851127,-0.9555668889583344
123,0.35369512869311176,0.8878881759048568,-0.7261777814156073,0.6422876232060585,-0.525670223815762
171,0.4177682013767086,0.2346144294094255,-0.6583933315872325,0.00686393044148354,-0.016670917309123574
161,0.6075965962128941,0.9774136885700868,-0.36642873206391663,0.2560497802265171,-0.38405619261662177
120,0.9406163457651856,0.497828293857384,-0.7835316870954675,0.7514102708410281,-0.982748250856687
405,0.9072115223991303,0.5277007291689824,-0.4822776706743824,0.6698737711537459,-0.7392146032108984
81,0.14773341988145533,0.39941038240988674,-0.42873426683137444,0.7079456618725085,-0.7952981255350073
66,0.025363938080540334,0.6058434429278344,-0.7737592082624599,0.40554642560418513,-0.2619081526802049
131,0.7845718882693596,0.36052802050389526,-0.4146877105649898,0.9139058790250066,-0.6097623856795151
170,0.14347298637994094,0.01355263499309784,-0.6233644398543382,0.72195801014593,-0.9542116534414661
133,0.7897149348855543,0.31159019605009936,-0.787112862282968,0.14753874724472488,-0.8851552910946965
311,0.5408541465882205,0.022695177508562932,-0.8535532579579153,0.6021148836843111,-0.30170222597018176
212,0.06738097527175374,0.8990976885282781,-0.7267005415655147,0.6080212572626525,-0.5190763774589524
188,0.8240778037686973,0.7079670836762177,-0.9391974277740995,0.974794296865132,-0.34108135306461657
232,0.22961707725058428,0.007181034201728725,-0.9459521867937759,0.7908169157202275,-0.6421215106047876
386,0.5459981113137788,0.5939447541857443,-0.631245273548446,0.18498001099342437,-0.8222252356992532
168,0.8333860045202599,0.7648767720573744,-0.9220019856362346,0.3471714577669917,-0.9842031042443957
117,0.5565605243163692,0.8369054625697648,-0.8349869376950171,0.8188041601703365,-0.7231922239780221
218,0.5921933762473482,0.7956451101050037,-0.5468309942662475,0.8871192693833939,-0.04118185742651454
180,0.2777210976332685,0.007546694184674746,-0.4766231455531927,0.7012186335029938,-0.18311660061994756
213,0.09869724740795666,0.8297109956787124,-0.045544248655993776,0.26435688355170345,-0.2607254448281861
299,0.811549354642058,0.6519120738734534,-0.38481300550135117,0.65650415337324,-0.9912251555745347
176,0.9579981690758395,0.8731785402326595,-0.5392954092716425,0.4401201958367172,-0.6167950939496927
133,0.8357567433393712,0.1854305008339457,-0.5120369151025298,0.2195987491498978,-0.10359048018871359
132,0.6832457525306843,0.5443153719352296,-0.45986053994225556,0.08619415341332098,-0.8160971684170123
202,0.27953191821617035,0.6480919279954812,-0.17962317014869084,0.25481672246950077,-0.9489728095039754
148,0.8561720916852262,0.5338428675005946,-0.283761839801045,0.3819264431185701,-0.8688235304652026
290,0.9228360745109894,0.3246486880982679,-0.20894025678654143,0.5506847563710882,-0.18061412677683336
218,0.5936489800578546,0.21253946451113676,-0.1993227767784444,0.16727362293320075,-0.3297694327117546
109,0.14550660068588078,0.9476928838919858,-0.5114667951499178,0.16632113959378897,-0.8846723197797964
198,0.3039663627691293,0.4391309627138333,-0.38232637358360094,0.6172692061961722,-0.4723118213649599
181,0.8430484829911519,0.9669983263232313,-0.8672526941397891,0.1851291780359418,-0.37378502355085824
108,0.6579693107724551,0.5605934959791278,-0.39539950695795284,0.7397810913997678,-0.37273105794367783
359,0.001399017636560312,0.3272284333610242,-0.5928479757078553,0.7427905779201488,-0.5848212299233648
237,0.06332427705634663,0.3450458854903116,-0.7813338721976721,0.30806148983485143,-0.06006667608742939
183,0.013898571919573171,0.06772838386261498,-0.6573832925996596,0.7239850602269621,-0.7251253546849767
110,0.21598522736597509,0.24689598155570397,-0.45788078519631464,0.8155481932973611,-0.8093398826575979
200,0.6639739029361147,0.3904904480861175,-0.5735574676893437,0.4294003399092496,-0.33652717105451285
217,0.34050247692822816,0.5304975142493796,-0.88585012592831,0.8789416442441245,-0.43390240674674246
192,0.8735587084156626,0.2614827201392837,-0.29635705224113557,0.19303703270985967,-0.9892400627836657
231,0.9273831147521207,0.6310544896894921,-0.8464514095237895,0.3661724169535539,-0.2543612583108364
297,0.12007509037880376,0.07046632412298987,-0.08706923940947037,0.34928118694981597,-0.6997942436913227
207,0.3666289855409351,0.9217983673668424,-0.778718659268034,0.7410263193250387,-0.8035823474881124
162,0.5970445867172046,0.9074191730713544,-0.2273372539680834,0.907563846519628,-0.16275984564608242
215,0.17531763845214393,0.19959352909144595,-0.07265758866862032,0.5015738206983501,-0.36441922165752777
268,0.18137731390235184,0.9800881004835325,-0.9345647928948404,0.6656311616923948,-0.47274999424778325
327,0.16525855732790257,0.5652669448768907,-0.1456729729426141,0.653947021347778,-0.051899468790267474
175,0.47351682259387257,0.03548298512447574,-0.375938765287307,0.4846085057714366,-0.12171847402588282
288,0.11407697412685153,0.5313941915526155,-0.03422618658684335,0.36833280368113924,-0.34560457649270754
240,0.19743483191775973,0.12490575356261052,-0.29687418539826954,0.8423877248111742,-0.32066894212283453
200,0.3374003615396635,0.6634227959400478,-0.17301478593922875,0.9753465454734547,-0.08000386401235932
223,0.14163861051006982,0.012102685307296806,-0.16707836807414073,0.1867464634849147,-0.7014890964890917
191,0.13712877221928205,0.5774124380494632,-0.9018598627633484,0.3963793799312442,-0.8177733160406223
203,0.34866459625926044,0.1401908912135646,-0.5531001466123769,0.7145018297396277,-0.9937496541900102
187,0.8751567669205329,0.8599849842996569,-0.5056566223200905,0.7823626380309221,-0.9989989388595054
177,0.130895931064331,0.5961149725364548,-0.5027102295896299,0.024506682004050102,-0.5861318032431131
371,0.42561116093373347,0.32709434351695404,-0.5530456519974423,0.33608098416653504,-0.09110815155781887
185,0.6200017679153133,0.5206407277256931,-0.37941701757895735,0.22514406480044186,-0.918954555992961
366,0.8520263967301668,0.8348611356410757,-0.3308675366838804,0.991228221216979,-0.30199202751318105
212,0.31401345764188743,0.0645151240930944,-0.8236458367842261,0.9440137585316861,-0.3124803861698376
151,0.27737301552145494,0.6380076305083021,-0.9780780302340558,0.2475025635252131,-0.9818042937990403
154,0.5413180454468153,0.2727668697973265,-0.3025142914932944,0.7897122286474416,-0.21782247983116781
179,0.3310882872847099,0.552541979472793,-0.7868487927929574,0.14896884018572815,-0.17519937308535244
67,0.9390756266400296,0.25266728588705883,-0.2077594384294003,0.982084258970181,-0.5390237421400427
272,0.1129560675305255,0.11556148011761785,-0.170412349969217,0.22958922319060332,-0.5212805950601649
101,0.17229444981883563,0.03821699766873483,-0.28937953280718026,0.5052989269989729,-0.8750162700074056
124,0.9816984597378872,0.6957917437164206,-0.18530586582520187,0.5252794133881679,-0.7873691848493257
145,0.8796890948241369,0.6748990847800299,-0.6922317385136711,0.48292350610465157,-0.4806127424048298
235,0.4074506529988203,0.4462868569018931,-0.7566278537236936,0.20924817461158657,-0.29710522859683125
174,0.6072916596041467,0.01069174321708039,-0.26859351361858746,0.8393166137394278,-0.8614687337810701
156,0.7009937754122875,0.9112520800469447,-0.9834720245636605,0.4930147308825105,-0.7337009975675124
170,0.6174995633108574,0.3689438057198174,-0.6490856019721918,0.3387339670656449,-0.06725137102198103
111,0.3059462882687802,0.5110024745954264,-0.02069410336125261,0.5487834360118766,-0.7038653124358295
203,0.4798625939513676,0.8997836052942206,-0.6980356195387039,0.0022665138424084515,-0.5013420484011546
153,0.9984127651947631,0.4945535907474277,-0.04357808319194496,0.9523280397933421,-0.8036032594559117
196,0.25360174667958063,0.7414818962825366,-0.09112012026454824,0.7409600103248984,-0.9487061554627966
279,0.3453369817159219,0.9332916371402841,-0.032898361453621634,0.5748630451821065,-0.07849753737954696
138,0.5569039357662146,0.7819777094599192,-0.4198753054664171,0.9371774019521515,-0.26361753081097455
262,0.019606178391600455,0.04975517888694642,-0.47655141171878473,0.7263459780598148,-0.8910452612981119
189,0.5338589688070161,0.4820734524364238,-0.23944959076610056,0.10955770393180236,-0.9363953348448899
128,0.5265300587735197,0.45406841582051044,-0.30570559936978053,0.38317559664787576,-0.5471374328802316
236,0.5290441394115706,0.9222196378414497,-0.0759510205175204,0.7420286148203583,-0.4569835978574936
179,0.860525070893855,0.4714087686072533,-0.28176716478304525,0.4353671263829178,-0.1719234150876287
186,0.4678743912841921,0.559061919721544,-0.5442067971841932,0.7045931748415275,-0.8499956020965751
228,0.9586473690872639,0.6646116052897357,-0.7669872660833931,0.4301586826466057,-0.41933263268116877
180,0.5267174557685137,0.5488683438397159,-0.2951150874249299,0.3815111833077017,-0.01079195176966558
205,0.25313757653720087,0.31727278880576754,-0.06596283124941565,0.3419253339223724,-0.6347765394177237
140,0.6223330404078007,0.4135682272171481,-0.6165707443861067,0.9176358190828079,-0.018430360836947664
136,0.430595184144046,0.17829761438721853,-0.8654681076224175,0.48665941426894427,-0.13050551068553945
267,0.720475202204586,0.1205173027896998,-0.7088496375007739,0.7407698964917697,-0.6352031937114441
463,0.7911398805721327,0.26567462532045955,-0.3519671680711843,0.050658720602346836,-0.6693479307747997
190,0.5766601509480802,0.7264840470499365,-0.20313079957223762,0.3898283211519102,-0.8733808651779502
134,0.555419662938871,0.2753641532769326,-0.30390545788469275,0.4981127811269674,-0.05483904662460554
172,0.5994365631407637,0.8350802419348637,-0.6024348230278221,0.42630823143646096,-0.17024504511000055
216,0.6071910288871724,0.8837492489956297,-0.37168285959717456,0.7447778267042489,-0.6919069625875035
182,0.3424179620669808,0.5484114092704713,-0.4127009646632402,0.9091778095163149,-0.16818720197443787
149,0.5791530679529154,0.4153891956234684,-0.23242875721878037,0.7718007512802212,-0.9882992392488974
303,0.16338335702946855,0.99970252806279,-0.6661775256332212,0.22802705464514555,-0.8563570709468308
237,0.8126151951603594,0.37125676570757876,-0.7778019223753948,0.8450278944524233,-0.7169063449728438
218,0.7675896252653001,0.15378558685406035,-0.8910490517391634,0.5015280403733672,-0.35598346614887016
204,0.5483949490473221,0.7787698571970356,-0.7276313375342357,0.6939813187947947,-0.7352960685233747
160,0.3118542720830452,0.40447291646615297,-0.8746852361815605,0.8214069443505436,-0.5880986338424126
184,0.06617878614457201,0.2894094646483751,-0.4050215266669593,0.5873911884706594,-0.37146575431779666
158,0.07287545018628466,0.7079565396749777,-0.5306076574124713,0.24783552688857297,-0.5681374370467492
150,0.28966190630242866,0.17133865157600953,-0.03242056456802806,0.8681537388520297,-0.022524467390882937
312,0.1676959782751682,0.023574549469135127,-0.9918959970301533,0.1101336416463155,-0.948047038895799
128,0.3504645743200339,0.5351142796315643,-0.06406719826045143,0.03237767846655288,-0.09233629148324257
158,0.6993534556063031,0.719793817657468,-0.600085215193588,0.13478708405230239,-0.44754201622660567
168,0.5685784002810857,0.2053556487455555,-0.33729666652655693,0.1604517294891325,-0.9098153887522052
183,0.9328798364652073,0.20442830015281815,-0.5755525675180841,0.5870041437541591,-0.9595155083526465
81,0.4025281504578681,0.9782642528720055,-0.3606193142924508,0.4416032933512673,-0.14441423830143624
196,0.5853322010297709,0.2924187347726635,-0.8829964793509179,0.6764602538798807,-0.811032129636889
164,0.8682701298244445,0.6554662360200335,-0.8456442585875541,0.6391342795411437,-0.9703667219419329
145,0.1409947943570487,0.9985454592983581,-0.6370348098181403,0.22474135756163355,-0.044571356426118376
171,0.2699370817197488,0.24318817595814396,-0.6962778020646552,0.7864567252121896,-0.6555370329724844
219,0.8349514288532354,0.3809563884702551,-0.5244842731107136,0.13164194407204716,-0.7411771470140891
338,0.4538608178048728,0.2798165804322245,-0.48378496128182175,0.8023691753954769,-0.7715119174540442
212,0.8436781124924249,0.4372207483740766,-0.3009411832611301,0.6983827907512223,-0.6279367515368696
322,0.14395611614891773,0.08509487837507729,-0.92998945223787,0.38900766906733614,-0.07420790504266578
188,0.49206137807858824,0.6187396373795266,-0.8024052529546128,0.8845849514970044,-0.23992588851100743
279,0.7737616570717691,0.1943698204237541,-0.8909535197964699,0.8019816766963666,-0.6022245783902204
175,0.34734788775701647,0.3608611705579709,-0.9035370633581971,0.18719937223014466,-0.18770610184199882
132,0.9585568982226688,0.6883246597184747,-0.6559005238422696,0.33691038706184356,-0.3250603158327637
158,0.7901393126942907,0.7821859586688905,-0.9615038109108889,0.95639597078325,-0.01505737860706286
202,0.7884827798351934,0.09256754359981495,-0.25502369916765316,0.5905666846938953,-0.9648449056727572
127,0.6019519567132186,0.8726592736537985,-0.9701633835219364,0.6066381728963354,-0.32041505236291207
233,0.23709406333277677,0.9954476359590403,-0.6873870900853984,0.3619082824508452,-0.4612866029723635
141,0.8124776538799433,0.6296070197813766,-0.5786006094424538,0.6699126847612411,-0.3151173540950772
204,0.5139839751317025,0.21283337058787916,-0.1467246128128798,0.04534004303798662,-0.07605404629582108
220,0.23505033215214827,0.6054850166403493,-0.4189267088455129,0.8795727872475592,-0.5608485138680096
137,0.3179035862194188,0.8647241039262432,-0.1270545263832515,0.3256470291926082,-0.79392026163827
199,0.966604767530231,0.6705002644004711,-0.6620732495257523,0.20284164216516648,-0.9794970634975351
170,0.9191220505618911,0.9730160784787261,-0.7482517573908775,0.1543304582511738,-0.5059108876562909
164,0.5223989792773307,0.7652827046299555,-0.15146746264214678,0.771183889481464,-0.2760757617613619
191,0.39574400361633516,0.4481702048512331,-0.348786062815621,0.31685481828013423,-0.3147743252968877
182,0.052876683919450836,0.3994104883417618,-0.8305078509176455,0.1320928638048629,-0.02753737786074046
175,0.325540409744319,0.613722043492404,-0.7715917382159452,0.2889905484795074,-0.12380513990129466
210,0.2903048554570879,0.3449250758250641,-0.9113300948446625,0.883081395253646,-0.9385532920726681
135,0.7779143347926708,0.6834472268777435,-0.32046018555291816,0.6305502551090277,-0.7230032989204511
185,0.9894033112424422,0.6622387130236603,-0.46325275359070767,0.09666087039458943,-0.17401777181574746
179,0.6233859933604924,0.02158780666364208,-0.9175429580974132,0.4320319213781027,-0.7164693856550748
190,0.8553737674598972,0.9893896132851971,-0.9164355547641859,0.6298189209724327,-0.4747363606907549
284,0.37204721023581294,0.20002047545643092,-0.954745074299564,0.5727898681970223,-0.5146695758148314
207,0.4439506537305585,0.11291448995446624,-0.6697062251546102,0.38706615136242567,-0.6281164482896928
153,0.9375278019217398,0.13889553345722744,-0.9383293291508952,0.9802657796016042,-0.9957321508208071
189,0.6238735339005831,0.7362867607817601,-0.3043827475270849,0.404740285070138,-0.18349320644142003
104,0.6969894595203606,0.25350966166320127,-0.5904176939427117,0.11356870918606149,-0.4003593662283484
175,0.7181860767564094,0.1646370578586936,-0.2845223335337194,0.6062849660813499,-0.40890427856189965
201,0.8564898569769808,0.007535394275084489,-0.2348674759123323,0.3994572361309468,-0.22248282890520482
212,0.895787160129633,0.25518375525426523,-0.8677822948951848,0.6821368487172409,-0.9227159676207117
119,0.6388467541718523,0.5218795512079204,-0.27794417297187785,0.8958391819747403,-0.7778077774984273
208,0.23061079912196475,0.4424297795948296,-0.8625200519076124,0.5402595917232952,-0.19266198203810497
177,0.9701009160980688,0.543170629896118,-0.44416265589088727,0.5716775316170304,-0.3383585473687623
192,0.7477321518305922,0.26483156131296787,-0.9015527679168471,0.4989832340139228,-0.872875324830541
366,0.7611823748451156,0.7230961232440706,-0.27059684785663835,2.1466251818975072E-4,-0.10465579997932078
273,0.8517501076819826,0.5025411131976748,-0.8199329457555663,0.025495124195391634,-0.3957863023029951
144,0.2519024180395108,0.5895625836427402,-0.6529719291042534,0.14536606624504883,-0.31795196339731085
479,0.6042732634943734,0.5193166360165976,-0.23508558277556907,0.6120587865118051,-0.20286611407080918
155,0.22152521818649779,0.046099976273278394,-0.006173023528774418,0.1627762414394333,-0.7908770125476957
155,0.15864836937336463,0.4992648099726646,-0.44773748444713907,0.9069129685940652,-0.791777518258188
217,0.7686445658382548,0.6633644295060139,-0.7107878370740063,0.5742891487742301,-0.43187811426761585
185,0.24875809080730144,0.12232356245842663,-0.6794118149434785,0.6350502496680972,-0.38634403664832934
295,0.2457551712557942,0.3254254715832842,-0.9044188900402849,0.8475022940627753,-0.6610751157145118
234,0.39544270099631623,0.5510408904841942,-0.5081506537639257,0.1410451040984127,-0.46177764027379226
249,0.30174021365712284,0.06629426882861528,-0.6083595753299683,0.8138104666418088,-0.24482773473407587
264,0.5726560495720142,0.9531080893508619,-0.18298065118174173,0.6252709783864215,-0.7458538566554934
121,0.6675986856377046,0.7345204522115819,-0.5015517818650411,0.6851922571605039,-0.12376798401936889
136,0.5527652089519254,0.7852379417707046,-0.5169878890926657,0.7178178649808348,-0.285354412346662
180,0.7243350876093544,0.714449232226413,-0.037382583576396185,0.8313637712912827,-0.4627730263278394
193,0.3164831666116464,0.66844469325553,-0.9593851981689241,0.9109206271187542,-0.03740217404453978
207,0.2523813504848427,0.523797958139569,-0.7958120889473117,0.3073574172561095,-0.9279376864824467
136,0.5109510412397565,0.4248064806919432,-0.6124250807617193,0.3485869304521711,-0.491703484278778
200,0.39269145257920096,0.11362423478328493,-0.052652006838170236,0.18274527981504968,-0.1897813006569174
171,0.41574638418238224,0.08172659261848153,-0.7263490463489375,0.4273484379340395,-0.5297286256361743
156,0.3923482685650855,0.9866782806017353,-0.18676650177683635,0.5264032579944876,-0.7865399422241024
144,0.630505226434152,0.8200321813405139,-0.11480911235778851,0.7987505591998885,-0.01116753808601329
241,0.38187223059884295,0.39485064576721957,-0.21988894510317364,0.9068198059336136,-0.7574309094239655
341,0.33194279181873526,0.7135601867164394,-0.977512235251919,0.4645725039604695,-0.08038134189920026
142,0.40281714695512466,0.023639950297001118,-0.6148958282724613,0.9645410423016593,-0.6466350598086502
146,0.9429078018063121,0.7179544419005018,-0.28837203636026315,0.3427833844901694,-0.8886129472832388
119,0.463045854091436,0.014483684403655167,-0.7764338775499777,0.1859914650547892,-0.2822314688610931
203,0.23659625186866268,0.18999919192986509,-0.9943749618133678,0.11864755693854073,-0.9438227600342649
195,0.537418990792222,0.16709538355116932,-0.2602863183219581,0.7346236574908928,-0.36161586227397174
224,0.35917056812064624,0.5096084845062124,-0.522088302014446,0.5566263621804606,-0.7939340500070425
124,0.43926237118695494,0.7125066277721143,-0.44876374393692536,0.24918619547379722,-0.6726603785637364
252,0.6292344800709524,0.5852705944290519,-0.5041085492158305,0.0978907253651971,-0.2751448273896208
156,0.8542713975673666,0.7000964957098577,-0.674418949344776,0.879496181446955,-0.07643604082845484
187,0.8118300194218266,0.02425988970493948,-0.05883829569768068,0.006617669031131096,-0.6993162825474822
194,0.3127777672015502,0.8366151802310705,-0.7628288853491917,0.01730155287168817,-0.018998254453127368
382,0.21241316480973355,0.060272886939226895,-0.595364273879627,0.07129324452301561,-0.44934222811788377
260,0.26974658885163644,0.770165327403494,-0.4815253966791973,0.7568266363663166,-0.24258553093805763
226,0.5507449315744719,0.0492162839305454,-0.586121179520922,0.048420788711218084,-0.4284207513748128
163,0.9270283275304915,0.32715701139735825,-0.25737051208819367,0.10475456292828572,-0.8398273645827885
179,0.7978615955098771,0.16489001111481566,-0.40422010831109473,0.5318192985514172,-0.5508851823603763
169,0.4053554040983695,0.16261798574967162,-0.5797309182746816,0.6877058873389693,-0.7295584696024496
151,0.9379478337531154,0.05473105786687744,-0.566374208777664,0.3316407294881058,-0.9773621074834091
252,0.6417656256012667,0.5166974365876672,-0.002597078142050962,0.9919898287283997,-0.7322059573952676
92,0.4354524691325908,0.5603308257101497,-0.9408324744841751,0.6941865360253509,-0.9242557452300785
132,0.4603430044654729,0.20559886036897074,-0.9947353010804613,0.4540072861195807,-0.22649122394277726
341,0.2502591194966159,0.09877544095398377,-0.8923650452036436,0.3578540484157206,-0.10226258076021805
345,0.10230486592150584,0.614495181009567,-0.6655890581325733,0.7667781434316635,-0.8705357538400803
117,0.33238248784867325,0.5727740443736951,-0.9909799388717483,0.04650308264699705,-0.7242745738913033
122,0.7705724593494712,0.6323148603066667,-0.671628080545001,0.9233722310306545,-0.7656655352615204
151,0.25285288173346415,0.3169481728913019,-0.9336677337508392,0.27674559459570086,-0.46123521711071563
117,0.562202845737129,0.08087164117441009,-0.14196596934481848,0.9543989334432196,-0.3796901411237337
184,0.6776578771059271,0.384595163569398,-0.1731714292214373,0.4807859722977395,-0.1849958907691373
207,0.35072376418854606,0.9789914662129073,-0.9652444024755854,0.28512779447457476,-0.3807249305681318
378,0.7834282227596732,0.6768741806748789,-0.44678720582631154,0.3052702133172746,-0.11783346810616707
270,0.5139127584516116,0.7595462237694777,-0.16705432109994484,0.7173758852786415,-0.5683960020140942
336,0.0417149171896098,0.9609839748153036,-0.8118714205088954,0.3760483899121559,-0.4850082530399939
182,0.8584375337272931,0.4652363597117996,-0.7466946622247992,0.38923274154219584,-0.3353037672401959
172,0.4860552315467716,0.6149208698851576,-0.8615359344004961,0.8588592339643786,-0.6436686053277522
117,0.10168926608724577,0.7072993044494892,-0.3051461238438366,0.6673506522264719,-0.5098375452192676
175,0.12354542881966607,0.07636315409339584,-0.7805597660902235,0.2898704907129473,-0.22076850264611264
204,0.9668840167391193,0.32791045679090974,-0.1071774759018233,0.8453869157636283,-0.18686989668818382
172,0.38942776667441387,0.01778688218739994,-0.6525554571348218,0.5940428369279092,-0.14481043408556366
105,0.416994288503494,0.8878634607076203,-0.1070401688532529,0.1498423906278185,-0.8636782701817501
152,0.8764849448787525,0.47786986220335687,-0.617756732196554,0.10284411022160272,-0.7896352011689645
227,0.08633963320797272,0.2602702746623116,-0.609912237900063,0.8607278445879534,-0.18593355728117805
189,0.23617041689301205,0.7624947686205831,-0.8574149772208154,0.07846159517331003,-0.2797508214115136
187,0.3088802441052269,0.28073253653560387,-0.023908935030519447,0.1370559873000819,-0.14717278862002686
173,0.45886177459002725,0.30226401806470476,-0.024808755212885343,0.5550093271395667,-0.4305568887624314
193,0.7357050325863875,0.945059612477548,-0.9170039024422035,0.2720780541445513,-0.15237683967931542
93,0.3380096303445726,0.6855458312210095,-0.3115076578460207,0.7270912304031562,-0.7361237503740439
179,0.7803040734560835,0.4956175370393822,-0.8696359254190285,0.794564962500179,-0.8827674351081638
210,0.026993018549913823,0.3479779837433922,-0.3161439649858993,0.11437648885942625,-0.2729093330619527
131,0.6315000712217188,0.6633926447309806,-0.40027945402857684,0.8624948940670037,-0.018508910728353985
230,0.25603470004812884,0.41547141037725716,-0.835004780280315,0.9726069815602232,-0.689039355891663
230,0.3860520898443052,0.6795670470412767,-0.2341200076100743,0.37460983253719765,-0.1755647327990641
184,0.11555348703203777,0.6956247624413832,-0.5108708537870909,0.024854488590351505,-0.5027654466202159
292,0.7347223765978427,0.6106844290369442,-0.03361171484994469,0.8419144898717437,-0.6825551154349401
111,0.7859368536056127,0.9727421387990717,-0.428416804666696,0.3731648552971842,-0.47580399763387166
158,0.2989320227906788,0.35630890675650245,-0.26664431817922357,0.3319161677695713,-0.30625362620830116
181,0.2341319826471952,0.4681325382133798,-0.5290074274251878,0.19438227557047388,-0.6709204088689412
260,0.07505849776838153,0.8565489642507171,-0.4589732112110753,0.3179700058629619,-0.6766377656421408
152,0.5650297667447753,0.41697276091858076,-0.5108496146858029,0.5024791856105436,-0.08996179712945113
138,0.8681153564034023,0.8461594982996726,-0.6712594288384487,0.45735138236776146,-0.8635837884922101
246,0.3488288563516853,0.2257756676122476,-0.38629216958804874,0.3037873800153222,-0.2382832971139593
201,0.15728727854488483,0.8474993453250621,-0.6194387592488793,0.6856033549104679,-0.4199100661244591
182,0.11101858859059471,0.10358677236364128,-0.3688326949538932,0.014927018715235224,-0.12200768244611743
194,0.5569896779309412,0.07988515759660636,-0.5852318239677025,0.38040240205320214,-0.7851890307366114
221,0.11403770243115469,0.6017229991745624,-0.3684424957233891,0.14287153962991278,-0.6817861494102895
210,0.1463174003117645,0.9694477726380195,-0.7595826169041667,0.12287929465423691,-0.5003541921939846
349,0.2518982086372223,0.30058180160609266,-0.27363620160599295,0.23251161775949275,-0.4547859225124042
203,0.1176070491261822,0.9411901757014448,-0.24696000595103412,0.003371425822384205,-0.4265411999677328
174,0.07209291087945419,0.3003271186106586,-0.9088899212503809,0.7124505316866898,-0.8677499578878104
332,0.82515222335086,0.9614182703341089,-0.9071921894404802,0.7954491185424765,-0.5078578108618635
211,0.7120264119880836,0.010763230684061658,-0.17128149087036454,0.9608691050890881,-0.3585019307641201
170,0.7347912583807702,0.7500443430956171,-0.001362724665557152,0.29835016803068976,-0.43504262145684286
220,0.5472540958848527,0.5032281763996019,-0.29343602169414257,0.06955119609821342,-0.9396865017526863
155,0.5241766142895588,0.9025482699033169,-0.16994691951769153,0.9434003283996256,-0.4265336097081874
225,0.08133082501349714,0.8457899744225896,-0.4519901660858185,0.008103435727509994,-0.6234395938777133
204,0.6551931917384634,0.13285225544779228,-0.2385948194928516,0.42244781442261786,-0.769741851193913
131,0.6255375261793661,0.05744892324294199,-0.37093626040618316,0.23769595849322317,-0.6638036846588523
158,0.8305122635281456,0.08136950829734207,-0.3066877524919555,0.75176845002241,-0.485848730273509
261,0.5127730538695422,0.7056028909528013,-0.06460450261424472,0.053086686834691595,-0.017890120291036822
182,0.5050603997226588,0.31550567096710586,-0.31604800780078485,0.2874112460037069,-0.6768837644149632
251,0.433193417987003,0.5550084060082738,-0.16103392618954498,0.755180947805179,-0.02802146763091757
96,0.9027891314813358,0.2995229908739075,-0.06512881737839699,0.7897752447382104,-0.6679823263573057
239,0.2676073453872338,0.830283218975186,-0.15655235335769563,0.08896336868807647,-0.6644623586826762
149,0.09521283370677719,0.8216491474903128,-0.37394546088639086,0.5566906943742347,-0.8074816949511315
244,0.9041673871070126,0.5551831446035604,-0.6181297350741474,0.5914812242509795,-0.8990940961086981
214,0.6395329192262723,0.061476378012955864,-0.7163398213656847,0.8438970922732899,-0.7729308698775654
149,0.6586352583400489,0.5111143284181605,-0.4912173928180478,0.6529486065566605,-0.8898594685433795
252,0.012694273118990579,0.6610286176558713,-0.2214405941098519,0.5361679690358572,-0.9453261897040314
263,0.3606732415911926,0.7483970998111402,-0.8351868644005158,0.22539229334949223,-0.7074737918054491
120,0.778469080969808,0.6574767392932671,-0.06105403312762143,0.16615684315736462,-0.053232665539161346
168,0.028571582280555292,0.3735975088098144,-0.12211615945341464,0.44511204022263456,-0.7213693359624829
182,0.7057947209366033,0.35158085870770933,-0.14298196867070184,0.5741780541641276,-0.002320924561516285
84,0.5210432414676082,0.814822030517399,-0.6516356029140948,0.6482444815777001,-0.45084009072339887
160,0.23939638440454253,0.3588849901837842,-0.9338334469999452,0.5115703082067136,-0.9467845505175726
243,0.14380149661365987,0.6773980020357308,-0.18707087382691973,0.7366904699163227,-0.4777318653086348
319,0.08261584091087687,0.5339619449696781,-0.5538079009068066,0.39211968462726693,-0.0327633797014923
144,0.9953113742591685,0.09112275397647746,-0.9665553746664115,0.9315024770207555,-0.7847575578513691
187,0.6648837595336561,0.8132033145113344,-0.888348912113324,0.8474689109033143,-0.3590749019853238
152,0.7832221017404075,0.5166753494369215,-0.22560718065723556,0.1725742831960026,-0.8327091470326621
243,0.8630782430842939,0.5085007870307074,-0.9187858391984922,0.22886354309589135,-0.019164369262355603
231,0.9315237684410913,0.9253820748318602,-0.05147620668656689,0.7802898361092746,-0.6027146041287597
119,0.16089679279241992,0.25051996484143674,-0.31051016791216773,0.2824582712635571,-0.27525949271898625
250,0.3575261807120273,0.1489773308167492,-0.11909456933781931,0.18296364927859238,-0.31659906311641856
185,0.05024588580293272,0.752103651383543,-0.24041314126108287,0.800332039946632,-0.08942671610671232
256,0.23455995412148062,0.7730928635877273,-0.8065558665572115,0.18285396387526892,-0.29783417473320667
217,0.6935602509310077,0.2937607625429696,-0.6759068086842817,0.5840617761130945,-0.21785723437620202
205,0.10620014360598468,0.9318544061701788,-0.6056863261532859,0.23579270499239474,-0.464096894659577
221,0.9190692612030276,0.35642424174253157,-0.7196474913032774,0.8500374024373419,-0.6386803744573543
197,0.6942872247538243,0.6662055174276518,-0.2095526726858879,0.8607141342422222,-0.84483707374003
200,0.4586163292063811,0.0020498581254076494,-0.04399797801673939,0.6316373582637651,-0.207445482440829
368,0.7876714038613984,0.5035775916081393,-0.3309048811415653,0.5843710807921674,-0.7163236410911255
325,0.8591258886035545,0.3686532370629521,-0.8973365987976546,0.4970299714095227,-0.5487977159307039
191,0.4311599119594142,0.6725708655584874,-0.16892842028669147,0.7252114574335571,-0.9433768836175579
249,0.806738488560127,0.2696471237934505,-0.1637148922869171,0.28494462181383323,-0.4315850845678267
144,0.8024556332005047,0.9078193590995172,-0.5597577654630607,0.9937936460681605,-0.7405034365662239
293,0.2526628238775767,0.21256985479713625,-0.6943690019297931,0.6746218761191648,-0.3245890592760737
385,0.29491402040056375,0.35472053393779773,-0.610579315849699,0.9534065604334947,-0.7226552561306104
193,0.980712932435922,0.8523432071456454,-0.753617526004717,0.4387786789081282,-0.7813080564546806
188,0.3698174758069968,0.3318837747410874,-0.9975581822721309,0.1650212753932871,-0.04268707187236726
192,0.32022304183181166,0.7200375908718781,-0.285268002449199,0.6964158344600125,-0.4979054369955402
137,0.23579706493324065,0.03477738510895818,-0.9021079245832619,0.609746871867532,-0.9222649479030671
162,0.9996016213313607,0.09885720806252313,-0.6144723086359363,0.4803757703350385,-0.7748510470630149
147,0.7153726513865247,0.004048622686879838,-0.6441629816859947,0.2171367530084472,-0.6170823220751709
198,0.5233633085130036,0.8119150219203484,-0.6628040957367441,0.3855823971433682,-0.0893517267656953
232,0.20781170727121817,0.8763914443955002,-0.6492117515430584,0.9596522400990983,-0.035497241587001134
255,0.5103512039040526,0.9266965673183503,-0.23309531205592043,0.968835358814175,-0.15492051049460714
190,0.22022377830881262,0.5778087761288819,-0.24013094471492663,0.6361314017044581,-0.8999658077822604
132,0.6774486008203839,0.532391513333531,-0.08030139743612402,0.2589938002135937,-0.2620404054471496
134,0.8597412005140772,0.40494710943653683,-0.48567966663791756,0.747144268694724,-0.6288890806027921
198,0.3189152317630985,0.7001021083555531,-0.4435311862982039,0.1145919725909173,-0.6186264584570265
159,0.13163565914347336,0.019286781436842655,-0.6533419072581353,0.5526797486281573,-0.47681555579950724
161,0.39723379476639126,0.9620470077226934,-0.29366573627852305,0.9697355962657662,-0.5527921328809304
212,0.12226340582619527,0.10388994593121975,-0.7216502094788151,0.7408710180760026,-0.9355753187052143
200,0.6108074843818164,0.4421157712784533,-0.5251151878209692,0.5520093218332097,-0.7183230453085903
159,0.7409206204419323,0.6088029802944781,-0.5009075343825878,0.07171118169334817,-0.8282169617950111
197,0.873920911779721,0.5124743253707446,-0.6667637336616635,0.5796821112806356,-0.22341633210350392
298,0.8082493042856735,0.1478723477176393,-0.6142006106833326,0.7913554902224348,-0.8600489367823729
418,0.5751062139817301,0.2434725131045164,-0.8366916996325222,0.9694582768568563,-0.9569463351735016
216,0.8961176573420743,0.16857420776714432,-0.40374283792497706,0.6431889870050528,-0.8932594305237677
317,0.2646055718651768,0.2390904587082921,-0.7516333688301964,0.25823574948613043,-0.33818139704679656
216,0.5083811159219512,0.16251895950992584,-0.5799991615310603,0.48702288436031477,-0.7282227495627124
192,0.25628072041274347,0.8179316421975149,-0.7122397077546911,0.388779334399782,-0.4930408827462747
215,0.33521407345085324,0.035736650161417756,-0.5299571995536159,0.13635843471151438,-0.3785546410488951
106,0.16350426629879294,0.09880394187238134,-0.9091083964345423,0.6839937497336446,-0.1433107242727319
280,0.3855141039089007,0.13596486184376005,-0.8816676650880639,0.2475380005703412,-0.46922423263961327
204,0.9748131512109972,0.8968272377547314,-0.8753821792358384,0.2698193848372204,-0.6685182543400161
118,0.600071689633045,0.6133650041039181,-0.49826194518129713,0.35882789007543875,-0.5466717347467311
175,0.719079147216936,0.5254929807603407,-0.8957905573431654,0.7630205246457253,-0.2003173126141518
170,0.9487449741834488,0.24892010327946495,-0.18766457263884834,0.3502110010193494,-0.42414440051593943
138,0.5804399262645812,0.5550314278633944,-0.06873209384608486,0.1557712439251378,-0.7762922042665035
202,0.2218843083187218,0.5518863792542457,-0.28388158897942256,0.24719772020552383,-0.6796984264996919
134,0.9621549590005101,0.29878915210749973,-0.10990481875002994,0.2705676236276427,-0.5072160100404605
237,0.5219394330925492,0.43786682586317655,-0.9299141372669908,0.9487060017905342,-0.6420007585131497
149,0.13093891847433797,0.6161878639567177,-0.9387559651262848,0.27133412180266375,-0.0952871421858808
239,0.4559066381567501,0.7392646980737642,-0.496993911510699,0.8475537270204103,-0.5318016291821287
284,0.8173481423419244,0.4404497857578807,-0.3614245664068975,0.6724975021048298,-0.5301297282239936
134,0.9115097922664266,0.9600959876402233,-0.5640698493040889,0.6130138243423159,-0.34446330988704826
207,0.3247398407124739,0.9969873150103048,-0.46781047358497335,0.33825173440167894,-0.23691731931636112
257,0.08635930404222941,0.31055671666824275,-0.28751385646854893,0.5019933841067075,-0.8590747658830269
266,0.08360567547543812,0.7876419256179222,-0.610955660812203,0.6883309218944716,-0.6625317526696911
166,0.7245233270928897,0.0896424314760817,-0.6742157731495051,0.2956263880675833,-0.2184321843041443
228,0.15723711912762478,0.21842124259521062,-0.40223588205487065,0.8815738913412059,-0.26998668637255446
198,0.7218288466510607,0.8259187061575832,-0.17007487375614955,0.36145455740161,-0.5456231624130291
157,0.38937700394897273,0.9637488925410206,-0.10721881696865138,0.11975275448305595,-0.13034294466492907
150,0.8907602736823133,0.3397789928075478,-0.35697221956389663,0.9110774921940892,-0.32934338508124944
236,0.8185358601424145,0.3363629847817962,-0.1888655331901407,0.46502691120959255,-0.920060176735517
238,0.5571447254445883,0.6108682577075254,-0.25935060619721634,0.4554681090148203,-0.9317531386631307
159,0.7539195052555041,0.6948507314801083,-0.7445726289730112,0.08657396170937487,-0.7683300564002543
155,0.2011304653443144,0.2805813328306777,-0.46938742404438455,0.9044903149449698,-0.7381194684910601
160,0.8044633119138879,0.22449068183949333,-0.9020377267024217,0.615166585039075,-0.3747088821538785
134,0.7896307814344197,0.0035829276230884884,-0.758398759369965,0.06605725375989896,-0.6932941297778685
239,0.9184641173517138,0.8038177155159612,-0.25986986354413916,0.08656247614733065,-0.40672646296370035
359,0.08989575924095144,0.09917715028239499,-0.130660030345433,0.2794995906571765,-0.3509703476512895
199,0.573029526904173,0.47947975507979707,-0.5191727169478677,0.6715269414351315,-0.8676337085939753
216,0.7457914585377118,0.9112436756297785,-0.0514981006334368,0.07585819122546172,-0.020497752684889244
141,0.049444788907701494,0.7539960115641372,-0.09204224840761493,0.22621910947324125,-0.8267246742359229
199,0.45943485039176796,0.5356450232849213,-0.32965165568647853,0.5568920732203477,-0.13378841904416633
141,0.8451226297068485,0.21155722626978252,-0.6852040559355216,0.4337671976151833,-0.26252277895379167
235,0.29890775075130577,0.6409077895747176,-0.41798862555762356,0.2896379552493102,-0.9006211190240264
288,0.7607213171009645,0.3107529657012393,-0.33815982912162795,0.5564892529041519,-0.3694654529762604
305,0.07382630856589606,0.7191289901673457,-0.6083130164584901,0.042535924411761745,-0.5816717372486736
180,0.8210758406670413,0.6329234867490958,-0.7946303158513326,0.266857845624866,-0.3116000525617974
124,0.3386819822456297,0.44012251801009233,-0.20491391826861155,0.46373708430078103,-0.020216385337533622
250,0.6527022951751678,0.7416893544742473,-0.2563128479661008,0.6905646152211229,-0.3153755092242951
161,0.9313142567709007,0.7265878067680309,-0.5655606924814263,0.5966463350286183,-0.24914743348667018
261,0.163844590172661,0.6622124070573795,-0.8146794349100532,0.27163635705491257,-0.12417403411628097
239,0.8909841686285765,0.5584668888710245,-0.2738038848981838,0.9195663374062637,-0.171312230740074
135,0.7235012553703729,0.9851142132188064,-0.18851569962326814,0.7803439402292461,-0.08918210685593314
344,0.06576081127526018,0.39069810240332686,-0.356806213398368,0.8161609355523622,-0.21795731066717566
170,0.584883738762826,0.7250733001614896,-0.7740547477531492,0.23060200256151903,-0.6470969112509075
253,0.9789169676427174,0.9234364443278498,-0.6707250732619113,0.1651380671548775,-0.07008719600206742
302,0.07073545295790545,0.3814173245342238,-0.6059338703553688,0.48378491924866956,-0.19065954880875075
188,0.4234775848758134,0.9937830019210305,-0.4512527211608935,0.16797497746754103,-0.6068059291562198
117,0.26041687088003923,0.5491234743725489,-0.24895842674551166,0.29760792340952985,-0.6318960498425834
181,0.465830659401365,0.7125614250884055,-0.7587647964876894,0.9027146547456426,-0.1772985927740806
193,0.27230369002637805,0.8832634011098038,-0.21408660039066224,0.7672945691278845,-0.5021390007969927
158,0.8143687639195212,0.001239102500826544,-0.6522389647172679,0.14301371566594606,-0.6112610716013482
166,0.1036406183886524,0.025933659128596194,-0.4915641114511852,0.8151483065235092,-0.6424414746071532
156,0.926582918440318,0.19837589965248575,-0.4984042833802704,0.1610076285074818,-0.4466452790529761
185,0.7104555736447726,0.13807138074337127,-0.6972790864662651,0.2554684272292846,-0.281039633184947
340,0.4451062287772313,0.9107862130137926,-0.7853240139197739,0.9395947077470576,-0.10203531955031969
124,0.12250878203294296,0.1433724994484164,-0.06583769862552397,0.2142270669725848,-0.14236429261981426
181,0.055252915362305206,0.24383196516200895,-0.1637755606737527,0.05696312754822381,-0.9204060001869118
198,0.8856920411608805,0.4700305179176201,-0.7293705087125257,0.36490352363046535,-0.7091559349039986
280,0.2070968458535108,0.6229658914019702,-0.5144704635465518,0.5292603527275922,-0.5061663641831193
281,0.7030927905464008,0.5785509208616174,-0.9815814584809653,0.6793335162620734,-0.5930429030224151
176,0.23568275796539934,0.7329794465466501,-0.5415851673712863,0.8650205374360352,-0.7411097469334106
260,0.45551257252217764,0.5789451008366853,-0.3320845066247841,0.6394743051630634,-0.3401621046917391
219,0.7132911518245219,0.47366650698353147,-0.45859794740190346,0.20923704539433835,-0.5481533979866946
306,0.6751161273996132,0.7847706182451709,-0.349803175870462,0.14484006145599854,-0.7908248915310022
172,0.6756339687712102,0.035208324100750206,-0.5745272697678334,0.6508326667839641,-0.4536579266077729
306,0.32775155368915715,0.7194875624559017,-0.5224214876085536,0.5413740290370114,-0.16277142673928852
165,0.05542143094510805,0.21105365417808813,-0.14894258612409644,0.9029040137461576,-0.43689491574190314
287,0.43911246291985134,0.30529552892743966,-0.5209889171888663,0.22917556379474074,-0.37625483449783886
177,0.9360100348037936,0.3210773237573012,-0.4822980805036004,0.7117880503187263,-0.4342329412110361
160,0.6392231918263307,0.22697989950579828,-0.45733270914344887,0.44538916377044996,-0.27921488073002226
193,0.38704633941013805,0.7471370549207296,-0.3920723105505111,0.5331314310103152,-0.2493135150755616
296,0.2637582983708408,0.6024286327795063,-0.5125839541137078,0.9094168676010654,-0.5584288241780635
149,0.7735108279318795,0.17372933337527913,-0.6208617026261098,0.45827630736996067,-0.9004910969799043
191,0.8576199901083242,0.514611432887193,-0.95666861921586,0.7332875003889927,-0.38717994841935205
165,0.7278185035739805,0.4683058075741085,-0.28407191139450966,0.7630740933119007,-0.5828414034123438
189,0.09728289569720067,0.9022912235908451,-0.2829639414960548,0.09148089124025,-0.6141990848913359
128,0.9582482872732103,0.4721200142290057,-0.7244074662695996,0.167490469767758,-0.23195265799128845
91,0.558087316120871,0.0820405825741854,-0.36451441620459485,0.690865325232705,-0.3480768705795116
190,0.8306802556746783,0.24951618910615386,-0.45832598514053274,0.2749831735718998,-0.02647979121445882
170,0.8784593289741597,0.4238650557990757,-0.06640371486294444,0.7398879291115946,-0.6448028685640828
168,0.1272668927040031,0.9607633037275662,-0.7144775060581054,0.24566060447790777,-0.2601648899154197
399,0.645622570998489,0.6466173296374955,-0.1943782668844874,0.37211287223851136,-0.12547647769326092
296,0.5562319742618629,0.08341711013640302,-0.14249154297540362,0.5398256427140112,-0.6339346759042738
260,0.3805328863335736,0.8852724539427953,-0.5470289455872458,0.8961060995059444,-0.4015917289089465
139,0.7905767827909564,0.265423532571005,-0.9570321126100474,0.24496521527276288,-0.7751290973539336
183,0.9204241068952423,0.23600181442449536,-0.8952988958906348,0.7131214152322485,-0.2847902264528916
285,0.9573065025223638,0.4085503817708818,-0.24966650376772098,0.7189770877320383,-0.3723696835473666
178,0.07554358541349565,0.36093322464882455,-0.11946134712744966,0.7357763830042824,-0.7278887712274625
217,0.31822122581670526,0.36516073793411435,-0.7007600713289374,0.897968296034643,-0.7376459012082276
131,0.9155420054055113,0.9647438183624846,-0.37379038984293894,0.9527690792136484,-0.0587392666093633
139,0.19182196024526837,0.7998642566941331,-0.034424441292979786,0.9339802086143189,-0.46660694428869215
214,0.36685184728157755,0.4001513438528223,-0.8598455447801658,0.7926558950963489,-0.3056029618412081
194,0.10506386682774765,0.6883622666663854,-0.4387296749432242,0.8552816584065417,-0.586647371035613
227,0.8746588227371174,0.2574270565383299,-0.6106443258668348,0.8478870998548416,-0.7028865801253493
273,0.45327486814087253,0.6701302680463496,-0.8062994126494869,0.6413384064519326,-0.6611449474330902
278,0.8042779297196719,0.8108484135467835,-0.11317170665728132,0.6109069796036712,-0.9430814299947009
75,0.13439629651737367,0.06387025673365637,-0.10051579189757393,0.6412531955579598,-0.5862488398664792
119,0.5825551722253212,0.47727076251105977,-0.821960532089647,0.25752196491219875,-0.4914822715435481
135,0.3357738698699266,0.02245514857897985,-0.8114694260725032,0.25653948220964623,-0.681151976256792
211,0.5691165954316253,0.6615752098809734,-0.7912847457661888,0.3773982521533163,-0.5947817285384479
149,0.8421290853584823,0.7280410164996894,-0.30322645947741295,0.5778341430833637,-0.3691669427481418
172,0.5117920296224997,0.2716208979841455,-0.13037912383697275,0.41407265815260735,-0.23609859901673197
160,0.4343039857470718,0.0919309287036954,-0.6678009812653067,0.48498205138557543,-0.588632587536124
139,0.5953911279388487,0.8605961901365764,-0.570697880199206,0.5319728174192399,-0.6636980706355793
402,0.5202448929427066,0.4645493754077317,-0.3673928227702579,0.06837902825321546,-0.7013149019489667
187,0.4063673468827766,0.45455144306532375,-0.6353386489555887,0.5984971238987269,-0.6480086175818635
399,0.5209500274811976,0.9185680644957578,-0.6690807448736347,0.03720298472662615,-0.30125380887151826
170,0.17906127375226283,0.1327563035623081,-0.18030406060886733,0.9561781575982551,-0.9040768549022681
256,0.4913553974577474,0.7359770723418853,-0.4374740302549868,0.6809843021609749,-0.01679952825923598
89,0.9865819261157763,0.9118362239548888,-0.10028602847792151,0.9924450981711459,-0.20998788640447236
79,0.33409700581942253,0.5040078308208964,-0.8611752979503403,0.5317814067666777,-0.2688565927158068
210,0.8185020369704938,0.33300357883357684,-0.8763062811960282,0.0997412551872055,-0.4148087613021049
129,0.9356180209112985,0.35470099736745336,-0.8367687817423218,0.9250730031495571,-0.4532092629534948
198,0.9290756014802372,0.8348400526509224,-0.21011602791551115,0.19208948495058636,-0.4741959375337674
161,0.8701645957333697,0.2211120798909884,-0.03602304585903588,0.42152088470764365,-0.18646715582972
161,0.3274215760262931,0.8098545154290769,-0.015163401780887325,0.31911105765250297,-0.7929852884075335
237,0.5569329474247332,0.8353240573254163,-0.7328135663517094,0.47528381520506807,-0.953996121820282
203,0.6519714507704432,0.5674174039613642,-0.4937196155985621,0.2365917084054176,-0.8600207459090368
89,0.07622127157060349,0.5683795153170983,-0.6887772264148685,0.7169881784070308,-0.6626621913880187
213,0.965487720461574,0.9627538968523559,-0.3550757133661763,0.773680367084903,-0.5024604899041498
189,0.23725450787644103,0.07186712067383066,-0.29188714782910147,0.8633256926402595,-0.49791831995158636
144,0.7172924291710248,0.4836959039485838,-0.5543713851365917,0.028551207383063666,-0.089245308746084
198,0.0068634649368674635,0.1902398926767091,-0.5390825089251808,0.12621353801017315,-0.9584305846701195
296,0.4422846430188691,0.2241946312271887,-0.34251008442565883,0.45283736615577924,-0.9038592201850323
197,0.44601510958829665,0.3901682647895424,-0.7600295699324054,0.33130912848929334,-0.6649251007509176
101,0.8512912467000662,0.6046607595184276,-0.20478895127268332,0.7044526258277822,-0.3656230658980388
191,0.8300335871856416,0.3196283773385737,-0.42938207603868067,0.9803341333790974,-0.2642135332939373
159,0.1668227223947561,0.44062675837713,-0.17249163173265475,0.2907868042114214,-0.19032506634674212
129,0.4460741818925202,0.339410795208308,-0.3230234304585266,0.6191683623832906,-0.5535285849878672
211,0.678060855854502,0.10774554705136957,-0.4640476551123153,0.8500390636777384,-0.2819246205433607
271,0.5439901122354328,0.4408443957060107,-0.28131565300882405,0.9721884808997215,-0.4915940646282578
174,0.03767555510418536,0.025599555694935057,-0.8498652327083253,0.8661193094209707,-0.6774030602575694
304,0.2682686104529785,0.8064292079781125,-0.16907375472906844,0.9441391404885334,-0.5266220375121343
260,0.2627697259271062,0.4861736642933588,-0.14013628275810924,0.44870327519996484,-0.2197451212444555
138,0.9014320015238699,0.018550740194419553,-0.3156837961891488,0.29834651805871176,-0.22114606496352823
291,0.39792086484414807,0.3142444331378181,-0.8234569536050521,0.879396867926621,-0.5058029779244078
139,0.013555113365691656,0.16241795308075851,-0.9054622761302266,0.32185888334234186,-0.3808679428948764
115,0.4680922464101311,0.873583979236282,-0.89479060702446,0.10040260457273847,-0.6958380880141204
220,0.8268186457468911,0.592870042098873,-0.9221169536776733,0.26478674283012854,-0.26924164019867386
159,0.5144120951607484,0.26012007363103423,-0.016041804683695378,0.4545612966818306,-0.8323917478870184
208,0.2848987617116789,0.18389525403100887,-0.36424075289546304,0.6765073366856194,-0.30919286560386555
207,0.9408815394471688,0.9645132012773806,-0.26634328268719715,0.3542684768791707,-0.7034683005937281
178,0.5592155999524525,0.4008875613758433,-0.4015024654557288,0.7924077787373254,-0.31415515300879854
176,0.0825106271730131,0.9836058089842561,-0.230250686336622,0.3187615165811753,-0.007613854678285853
210,0.4504769459044064,0.4282498147154649,-0.8720670256979843,0.8915076892994019,-0.45659100367829514
202,0.26585823993059504,0.03259632805925656,-0.11168038049787704,0.9599940786733059,-0.5982526183088338
215,0.855535580351952,0.9514706492885937,-0.29738660255419597,0.540789142236212,-0.15559106207347512
240,0.805258684410111,0.705443137314669,-0.9740265101941377,0.08023494931081648,-0.06664128666870711
152,0.995430751969027,0.5889258735868934,-0.25557674547577064,0.06265929499282291,-0.9563514831041883
89,0.44906564346224215,0.7758861248304482,-0.31999585909965617,0.4612488319609636,-0.48518422129905886
500,0.8478333238673472,0.6531668744996063,-0.18198250607001837,0.5570914644360676,-0.47180179785139337
159,0.0500755700045365,0.27968910746827563,-0.7189654039851601,0.14516679085479905,-0.09690509931671193
121,0.43131096050265977,0.10627767946684158,-0.20622264311121913,0.7321749190696946,-0.07698927007391859
273,0.4260678200056726,0.10248112418695937,-0.4488875288763749,0.8287818721279283,-0.37701267811388145
280,0.5633512696920082,0.6740443675124156,-0.5680795501316919,0.45171430527263673,-0.38475112306697473
134,0.9464109936456986,0.8772596299841934,-0.4808558883790059,0.29199038764557644,-0.6862631725951776
199,0.10052900672720994,0.967351668511135,-0.13730215525243888,0.804947187169334,-0.5095730453053291
100,0.7283442602699055,0.5096909404015667,-0.13743906915456977,0.7615411149139023,-0.6138780539151704
306,0.6873034372293129,0.697689328061213,-0.08006293829649463,0.10330500318628494,-0.7463170739759519
172,0.05439085378949677,0.36440489259883785,-0.3939551600746561,0.5553810870404621,-0.7039097184846034
119,0.737538429984961,0.19133095966762242,-0.33093353622291116,0.17746991617741642,-0.8808078876842691
180,0.7860609172640409,0.4062566715342863,-0.7612845360245225,0.8710481498558116,-0.16007485275506633
280,0.8759223696970314,0.1311775554741958,-0.13541723058678606,0.8029393017919952,-0.817318299727557
208,0.9073423485934499,0.5698726780157666,-0.639018603241799,0.8622345733251828,-0.12023361217627221
221,0.8291349162777831,0.96710322477881,-0.9940297232776175,0.845192249690122,-0.2891443506385703
192,0.5963740211196166,0.5796835443009593,-0.8112531267408326,0.2074337668362896,-0.4260470772033835
276,0.8110843839993519,0.6186880663994452,-0.16250081449041748,0.5607710302431484,-0.9261860573574162
166,0.3101872780490171,0.9401801865038025,-0.679824741926579,0.8082101599947216,-0.43218485782827504
189,0.653178541245245,0.7853898571793363,-0.8198573916653225,0.39568451579573644,-0.02934988456068894
71,0.6436499004019881,0.019531280943696556,-0.9000440446063912,0.4849524415192032,-0.2021931719002435
182,0.2278666083818171,0.41852851987071754,-0.8110430430922482,0.018174258516367288,-0.7653935739063148
158,0.26104312637709354,0.04432805010445768,-0.2639147081443612,0.06595840283217386,-0.5273090423754007
77,0.36820499320529027,0.1901004820178807,-0.7855594580306312,0.34284658867707035,-0.6953922658694403
210,0.02146037345622504,0.4725476759105954,-0.13048182575604556,0.920458720301129,-0.1357856224366077
244,0.3426786930540973,0.31169409769099493,-0.6987291550586023,0.034378309674281966,-0.21129318162751304
300,0.7549740028749594,0.007455373724554576,-0.05049180160370676,0.1749413819495214,-0.4924621297950856
158,0.6758068685140184,0.9620539809320483,-0.20605622402596363,0.7114911948519448,-0.5321491982522333
224,0.675939794112665,0.42681915064676085,-0.7942554100465674,0.8102420101885367,-0.9332866232826267
233,0.4621511403741267,0.22668234741943089,-0.9804029807837118,0.548822417390053,-0.936801251050458
252,0.5266845226001079,0.22734775334198348,-0.04190327457265492,0.8777933575920795,-0.952319020812288
174,0.38333027323627883,0.6429333165651512,-0.5110312793169725,0.6419855829204263,-0.24337176611863814
256,0.5660667112251746,0.6996514384448883,-0.01164468964804694,0.8387807457771878,-0.12756798675064446
162,0.0617510991486287,0.6881386700482753,-0.42583054837128914,0.7589334435022651,-0.626409507957121
122,0.993051162699298,0.658374864339262,-0.21485291049639105,0.7394582506642986,-0.008140841733769449
213,0.6563459508574441,0.3083180288517086,-0.814246081700128,0.5512375225517973,-0.45649401558539177
172,0.31865907933375764,0.43768283110740897,-0.9705903040343892,0.6373906053328754,-0.8130200113707218
174,0.28813566405543417,0.5260084342797323,-0.7476326383463933,0.9977564700765237,-0.29929040362187825
265,0.2667379083689229,0.5343481484267827,-0.873469784243922,0.5128794137770725,-0.7388678117275451
297,0.8685182388285755,0.4058651711011387,-0.1032168682030043,0.5591620484357763,-0.6942946921522714
194,0.6443493926159239,0.1277709692847176,-0.877564116835058,0.29140581136258786,-0.2212601241531092
141,0.6605419032078754,0.0172233907572304,-0.632907818817201,0.9468448345260531,-0.0988037980656779
175,0.1287436605749071,0.6449528921671801,-0.2785849161319766,0.5988068444770993,-0.5244557422260783
205,0.7309090689013636,0.288185810310345,-0.7923264233879238,0.46886792016871365,-0.009081238908220607
132,0.3755317130615327,0.1634835881006796,-0.5930490339308051,0.33144656474349427,-0.3861294855489012
214,0.7240514680191156,0.7735513827120256,-0.300231758407385,0.9770427632471562,-0.9155005403420299
211,0.27058101520838335,0.17982370135117182,-0.046044255216671166,0.9873250693194883,-0.15547601183084553
265,0.8134186976325957,0.7896904500682038,-0.4537320293895973,0.5741535105409796,-0.39698036091259764
211,0.4882498133454101,0.6145627916680678,-0.19103866123526708,0.23748934034501606,-0.4288916268811472
288,0.5413571949995089,0.23709001951015746,-0.4281327983901458,0.4732699405379775,-0.37575821061046827
150,0.9458875243424504,0.7099955896131319,-0.6516127748971335,0.26499495696322534,-0.8033503112591992
423,0.6579784089055147,0.8226540826747265,-0.7679706299638702,0.9595041599012972,-0.7280835519088479
336,0.877222036884624,0.10552093690258407,-0.35481868191842,0.633871680758565,-0.18302393198747363
335,0.19969793490407545,0.5989870710323504,-0.9818075998536853,0.9691445558020824,-0.04947283746867032
190,0.40662199583067665,0.08837776085651211,-0.13100152342505417,0.6240410050173374,-0.44219320625192
143,0.42627473875736227,0.49997729787123707,-0.11995053342650547,0.7556337841511708,-0.2026095564159464
253,0.9666748414191136,0.124565951112181,-0.60039368026893,0.15902597008368075,-0.9727194986232451
143,0.9559167901061281,0.3173205738128139,-0.8017547326591247,0.7932572190061449,-0.20777013038733522
206,0.14059980745200412,0.919060737756322,-0.7207751274951171,0.3188054075944366,-0.23608671298067524
132,0.42419905935822905,0.7305970385044819,-0.8060586731375692,0.017715902217476494,-0.27391063634941454
339,0.4593837255755729,0.655342579488502,-0.8042741863617413,0.4556521008705869,-0.3601934420075508
232,0.24513740853832916,0.1766749019829465,-0.8111685490318629,0.7111354085806568,-0.09548785480278549
153,0.9749731724034512,0.7696816056609997,-0.7493750153775103,0.6797284831067134,-0.7347131998818324
184,0.9008799382026828,0.5782268590448569,-0.5144010953479954,0.503800141221039,-0.5660628358233352
190,0.6522970273407079,0.7515150287662585,-0.4039408695434176,0.8452018233869829,-0.5841141668632868
181,0.5373414818978971,0.004799297441211497,-0.3483491702457883,0.7354138967964432,-0.4732212113659779
274,0.5643635573751349,0.4817364151989975,-0.5572189621910625,0.6164049093077406,-0.45562396563651647
201,0.23206999096396702,0.9250830734374923,-0.5927335322933871,0.6475122768056437,-0.5569449771947119
156,0.7793439159022691,0.5580060250662983,-0.9371539237036056,0.024962387511884683,-0.22495634169221063
81,0.9411700791104052,0.7408373724748684,-0.4360488769699063,0.8714541186698769,-0.13001113968646832
127,0.6427049763859454,0.7706427856725621,-0.6008150534616363,0.5188037543140613,-0.573022866477809
167,0.9658233312709339,0.13948022760448392,-0.6274283006693381,0.44198721387843126,-0.6971247150633565
208,0.7805055902340508,0.32274563425851005,-0.29037755150584116,0.5566907394188328,-0.3528000330742805
134,0.5255606019844723,0.5349678677348504,-0.7615890976292016,0.06663088204758821,-0.17029501633150762
207,0.6844588418266402,0.8005195195960219,-0.17805437189701162,0.5995294007809295,-0.9807953952801627
81,0.23281307031320025,0.509654872479217,-0.021862090355015802,0.7810859630132821,-0.1905346046886987
296,0.7409538681629795,0.13907310348983842,-0.13694071219912624,0.002663999649236753,-0.03907548145919921
129,0.5573695911374091,0.9508983498026278,-0.7597462796439941,0.03873249493509085,-0.13752827498942616
158,0.293711913930594,0.5680644556768882,-0.4003229774410974,0.010039867335852997,-0.9516159596534111
206,0.7043030923519055,0.17590453494253505,-0.5838990831706155,0.03929906864067884,-0.8748347507692404
162,0.9950394671886263,0.5114732690709093,-0.5621572149219453,0.30817542315351526,-0.6459808515577132
159,0.2369213631875065,0.1405046549943148,-0.46481908644536957,0.9723960943344504,-0.45192440121064964
74,0.7187713631822559,0.7355758994709358,-0.13180101092009983,0.5100274999953778,-0.9743165925768605
183,0.6177018318017065,0.1691040945564834,-0.6096823757343295,0.3133409760591332,-0.5075228904831954
321,0.54713729315653,0.3461186146261917,-0.7954795946474631,0.42891964135791943,-0.745775888744857
161,0.053461200310968744,0.06401147295846182,-0.7289531714859612,0.29222700690172115,-0.2110499175281188
256,0.37522153030551036,0.015076435140432614,-0.6172925631707886,0.07170687608715193,-0.11830312929299919
157,0.38279035793776345,0.9458891525191029,-0.5847358112766112,0.7962905481036306,-0.28826671783121766
214,0.024833910579938064,0.6327270959502291,-0.2988625822478303,0.2573750274672613,-0.8668819152809912
209,0.5787808667538586,0.4394597748484352,-0.9907140735404582,0.8472273737709017,-0.1295499150955564
363,0.1520095991574753,0.323662928678539,-0.42715713076572653,0.559542890025712,-0.4466552596660814
87,0.9311306781091769,0.4992720879331734,-0.41341784395750353,0.20923547333836529,-0.6285975005027786
248,0.8496679280593313,0.9055344498820643,-0.19586399942558946,0.6142044345324265,-0.5146941472383867
112,0.3698233255509315,0.12180950535265872,-0.02106300407574841,0.8733857600745298,-0.2780688523017774
108,0.5729777230475717,0.704619625563195,-0.16138967193877546,0.5409919206230003,-0.5786493906547288
113,0.2768244387353899,0.7181834512577828,-0.034057252183108906,0.07572915903260052,-0.017017592230082985
125,0.6866115406963483,0.5487196767520685,-0.16761221746545546,0.4388605217672013,-0.07223979399434283
266,0.6598626129292455,0.03487673940835396,-0.9733036527038664,0.03975629734148806,-0.32147055030813093
283,0.5903620671890076,0.4394959854480854,-0.07462276356623904,0.3551173606920915,-0.4877940993513166
125,0.7187063306617474,0.17040746186291994,-0.3796404393679415,0.8909705263364723,-0.32073946356578026
233,0.5157070245342301,0.14541030230288515,-0.489620720562946,0.33799541305821384,-0.2492913152435055
152,0.6828939721707473,0.608406258733214,-0.6192331390081547,0.7280820011865061,-0.15274979525382376
243,0.8971295933683439,0.8632648244949198,-0.40980161891180505,0.7934803037339806,-0.013070192843478828
226,0.7322205065558713,0.8906073397651756,-0.9027087462098514,0.9104687895097265,-0.014686860450250866
174,0.8577494054790896,0.35943407266541344,-0.837532197317645,0.3309384895279272,-0.7182711484942246
137,0.7971581358421458,0.9079324257219605,-0.8656435802964739,0.446994130168391,-0.17156798685795865
176,0.16162570273808535,0.1378399887420913,-0.7605080293844987,0.13149519035484286,-0.3589180367223291
175,0.8736422525424196,0.06861240156166132,-0.2981631230483964,0.3620565524509762,-0.6340534079135515
290,0.7806326380166843,0.2852723387029899,-0.8502259196581826,0.9684204371627612,-0.4512605587198831
142,0.05126313325472804,0.2866822051838949,-0.513485137096247,0.9390452860889389,-0.965133321742426
197,0.5108571631708317,0.638647440989648,-0.22038738035743105,0.78847883795421,-0.0636175946882776
131,0.9499713371245202,0.7528658221190486,-0.6289628232775795,0.3704665266163683,-0.20862811100736295
198,0.3139531409714615,0.8042093170603803,-0.2053238957664511,0.9938854462438168,-0.05465192510814904
137,0.47015544535549586,0.4366262045989359,-0.7464153662496397,0.1023111133431141,-0.8141856879884876
191,0.9178364944717322,0.664607327204979,-0.4228580540064713,0.5909108969609886,-0.5260569180286173
266,0.294737723712949,0.8099082016978809,-0.7872437787251848,0.775288359687241,-0.555260528164921
193,0.8066915081631139,0.24346101729554764,-0.1349826574321044,0.3661478837092655,-0.08646045476463876
249,0.12823241418311843,0.1698850021132136,-0.016123940746682948,0.31802170003926905,-0.26813536123386844
241,0.8837650354405808,0.8937988163361387,-0.8252599567561866,0.4659627861487952,-0.19748744883646124
258,0.233123918819719,0.4129986855849766,-0.10717134812024581,0.3209737902498167,-0.07925366035673648
173,0.5762694043043249,0.5501059007758424,-0.888959292851887,0.7678132680132846,-0.9360376868581783
242,0.023175321519084587,0.12204956834026143,-0.8287353471764679,0.15166041288690674,-0.01094377509771633
174,0.9474342084568079,0.375243340887135,-0.7488255107251176,0.40114063284048246,-0.9677151780748474
265,0.7192226113861359,0.2714520768467324,-0.9858811306428183,0.4016601036467016,-0.16613531249627095
190,0.9170050543284759,0.26292932742313274,-0.6372916883314467,0.685798233503005,-0.3469056253740402
248,0.866623397187102,0.8355761737732541,-0.4297572065500718,0.6771944493627983,-0.37312313621357146
121,0.10207554143595415,0.8716562285337982,-0.7493320487297569,0.6709275735614559,-0.10427915425319761
207,0.6839125457368752,0.656996864480249,-0.5651507465047874,0.6539329278930697,-0.3321738185404261
228,0.1619681422004851,0.7928320342204285,-0.6965348801266258,0.7684472336672463,-0.07065727199708888
140,0.1665967493994152,0.35426777844526475,-0.5344545228528539,0.8625780283269081,-0.13527165712622252
169,0.15399166632010836,0.04868069846918883,-0.8630224142907523,0.6525993641204011,-0.3385194197913329
226,0.8437489417173859,0.03443573155645869,-0.878984384006272,0.20725150465458636,-0.04516749570660889
119,0.02446038781662447,0.9062425976046796,-0.7613463612537179,0.4381589337254261,-0.45334561999277295
93,0.3916155810877449,0.5389553753865325,-0.056195914744342663,0.5493956703524647,-0.71484926149992
250,0.41765231088008054,0.34303199377899024,-0.14835641505264724,0.03092643802715595,-0.3340390493019653
343,0.5894295254607397,0.7611164191815097,-0.381081212805036,0.32461079141075405,-0.526451613894414
144,0.883825501746629,0.8460124676646279,-0.027315551491936603,0.6690980529689209,-0.9755097987669749
67,0.577752890097228,0.7998444471469662,-0.24723029203950336,0.560489545867768,-0.43043867959711374
128,0.9085404467622391,0.33514385252382833,-0.7263818750563462,0.8252645786414785,-0.8209154643055423
241,0.09681097875615224,0.8831976665169188,-0.4311974827495367,0.4951164232797593,-0.9007302158139942
289,0.025018185145469225,0.2205614539735284,-0.7012832927525153,0.4264837683247033,-0.8929634757229239
263,0.4673954503539037,0.8325931332425491,-0.7845176690564365,0.37664130337398866,-0.2965247701970292
270,0.36788578622755314,0.10132345285872352,-0.2109921516296826,0.4625755315065753,-0.13311878952777906
200,0.9841146505558027,0.5264215945385328,-0.14070150335621695,0.77550020972195,-0.7722548429440198
237,0.0923390581741132,0.644580641548068,-0.4119997378749694,0.5071087803002323,-0.1576974976469378
285,0.1522785553544867,0.2430403726831219,-0.10765149556230708,0.6368557275497225,-0.716864984467575
311,0.03252394476511839,0.3260848037812533,-0.01506147874584291,0.06620785113195232,-0.7469458077171339
134,0.6758745666488382,0.7550798152373391,-0.9551596132712882,0.31920517934666587,-0.6740358472932809
131,0.1749680334978519,0.12338854633107937,-0.45681972284877387,0.4201578239051808,-0.7367251344703689
194,0.23339778430458108,0.6496037178102053,-0.7465736720192601,0.43651978118304663,-0.5158126558117349
128,0.04847163956012019,0.9172450231263903,-0.5194280297388395,0.23280739377810128,-0.6848798642751425
204,0.1273448100271785,0.05508812765859578,-0.48558026809067684,0.5795209752805425,-0.8611860189398886
115,0.005406352661785857,0.3380756576070573,-0.6492368690988531,0.5030582918357372,-0.2914246805122735
343,0.7066907082208935,0.9627181605519143,-0.46369791007284616,0.023687262579339237,-0.9744931216480746
210,0.8184091139884463,0.48453157300241906,-0.498919543766346,0.8285157322294248,-0.3221389758472743
149,0.712497224966931,0.7855601971504603,-0.3899827371376105,0.6273518542530397,-0.600160674866049
180,0.7216628914344759,0.30986115288198207,-0.7674089739381939,0.6790095745170867,-0.930911078845485
168,0.13592061902972669,0.05728909538181232,-0.7782210202372176,0.025965984541006466,-0.9225231512563532
396,0.37111365043734595,0.3168631577328171,-0.5130942143781317,0.7506543486970769,-0.21227548450380745
164,0.8844048823111103,0.03799799365237295,-0.5532453237156167,0.3845511762574724,-0.4425719883050972
184,0.5199980051202058,0.3996254163411667,-0.2454286374525581,0.13100217346527648,-0.4101946201666476
160,0.18298297953347636,0.9769834365696277,-0.8398154588453792,0.7789607243779705,-0.47600201475303466
159,0.044988206674602745,0.4241302910512043,-0.18909512428012692,0.17238079091680442,-0.033542048440864565
136,0.6787202523408514,0.34319274034374175,-0.4157279378548005,0.3403576413183856,-0.9654196797870085
252,0.3072637603275485,0.23237004990738136,-0.7969452432952753,0.6915510909325466,-0.7073611947325202
141,0.2308948014916113,0.13828541412918688,-0.6745611929385475,0.6719518772375566,-0.7087917903701152
177,0.38818212991635576,0.796216204900586,-0.4499936574782422,0.5153427960120476,-0.6493414206174173
263,0.2491214574108624,0.5731570349772922,-0.059952126407274715,0.49132048490493146,-0.10899419822767248
348,0.1503568047523724,0.9263968975338784,-0.11484512396024643,0.9280326602133764,-0.3837354170794703
216,0.6560158195368605,0.7375942361333229,-0.5378882904826647,0.6774664991183861,-0.39664457444767237
207,0.19440160558931624,0.27516273045275247,-0.7742235697508519,0.2791446271403248,-0.5739272554965645
274,0.3980141271076097,0.1988853563377651,-0.5796612976569633,0.8242017894507037,-0.5493725652848471
103,0.9150259637223117,0.9532864519683428,-0.6510489932020104,0.7404277562482529,-0.5069643490044128
197,0.28358979424993097,0.7062430520439474,-0.4774661622209447,0.3886245509004416,-0.9825216291430114
232,0.01635911379051786,0.33579959913295426,-0.510184300555109,0.8964799565983254,-0.8386265085780481
278,0.49644004544939263,0.7844664171001176,-0.326872556709691,0.6466965096683526,-0.5043409748871283
357,0.98725387198698,0.05729492189549729,-0.7470871351971876,0.7814383775590455,-0.19918605309525855
295,0.6944830583309324,0.10616971078197462,-0.2333893271630995,0.951620125797598,-0.07649006276591225
123,0.3279132783844014,0.6258198686541515,-0.11481824840965876,0.9790735277135095,-0.3642043269851712
236,0.2740581993824323,0.2240477851909483,-0.860070947850395,0.46241122720821054,-0.9897426283779338
159,0.3776580183264104,0.921578235910422,-0.058964012739471335,0.15835872436881487,-0.06092389146306993
168,0.34103655851406217,0.8130717645988934,-0.2836734528141101,0.25042366539534683,-0.12487099264991847
197,0.7413015369210431,0.3281982802877846,-0.9359435231251877,0.6721139919445482,-0.4615944403746331
133,0.70322768433302,0.7603795125768964,-0.8004855204816613,0.8843954713489544,-0.8176629669126673
258,0.8228332126229198,0.6836909740403807,-0.29892607242228647,0.6817458308778016,-0.8160740591244833
145,0.8762366211333772,0.6942293862817989,-0.17998999371727037,0.5767682830029213,-0.36085224099375895
179,0.32746965833726344,0.27701322431831715,-0.8153503720153522,0.3436484556152109,-0.006069640192275022
129,0.6006362389339334,0.262140166690843,-0.3434264184413977,0.2856199431569452,-0.5585290757316225
163,0.7172845906918227,0.974096278235446,-0.8020977505464679,0.3878493169466321,-0.5243302044034475
172,0.7029491218115597,0.2547818329427098,-0.3117310805768107,0.8007088736351082,-0.7825677896026177
372,0.1353540363944497,0.2821472268932284,-0.3531458149954068,0.5004490035984883,-0.15902807120834422
118,0.6255817900619942,0.5819751637226096,-0.8679503221178142,0.4951482587286284,-0.27611310611107637
216,0.835575839737432,0.8789627319626862,-0.31755231579585225,0.17992307303460636,-0.6146158252193338
208,0.5087501645932182,0.8990941356809747,-0.885910945233236,0.7455206761547725,-0.6946852315074774
143,0.4600737724261132,0.2990049666491768,-0.1435575666072499,0.6431503065559143,-0.2469233765591698
201,0.06592898973518596,0.06815390806518967,-0.9406614761041043,0.8653498279992049,-0.08759494957111685
149,0.8365448287631068,0.11231273750965926,-0.72123579141784,0.20795666238754223,-0.8065716057389888
204,0.4669259038454762,0.5329528324212675,-0.21607410733402238,0.06542885152284345,-0.29583173817583225
243,0.270341857772398,0.9163014855455144,-0.6683852354104085,0.7509960345734629,-0.5484673155705277
210,0.17092649928051368,0.45997879930879654,-0.018244187227554005,0.45835362314882416,-0.5002522624137011
381,0.4799149406588233,0.7226261588941761,-0.05226369132181303,0.037027518701284574,-0.7068710172968034
244,0.855503313087611,0.21768049644026005,-0.3752944970280568,0.4256389635257016,-0.8967275673674217
147,0.4720052195299122,0.12813815909940912,-0.8165128062499841,0.22032198135940023,-0.28908603773174596
182,0.8144847367767248,0.46055578162126115,-0.3183616730725038,0.9290437488998925,-0.03201088133703018
148,0.330356929057336,0.855292118824883,-0.3844619940901723,0.7413897501463423,-0.49311503456056854
176,0.07371199704766557,0.9788610637987913,-0.8865136146118682,0.1913630508394049,-0.6126858355875396
164,0.3574760709603843,0.5059969180417104,-0.18637361481734865,0.37094139215708816,-0.0957119763349838
365,0.9531781001107343,0.25026243741787896,-0.6498453901867015,0.9172491874756119,-0.8350019376299479
196,0.47503295908234705,0.4448408697635034,-0.5616251150417144,0.8045787452090392,-0.6302821512642696
212,0.4190674326013785,0.6702189511923222,-0.39788050762966515,0.1460141759848333,-0.7891761290888635
244,0.6699179612730243,0.6919483535256721,-0.42298483875652865,0.08088831979266947,-0.5253454507349569
175,0.6801496544120225,0.08022671098796058,-0.47063813128937665,0.4033823901223706,-0.9094369061528225
173,0.43788071293721714,0.21967645279293918,-0.7478154536601372,0.10522539018595062,-0.003187474889212732
105,0.5283037957756127,0.9972967677832678,-0.22141951350096084,0.978467490325942,-0.9904381096158799
185,0.19640145820308924,0.5962828767244591,-0.8421459802744625,0.7125133768708258,-0.04742095901979399
83,0.6692603016744162,0.8673550722441974,-0.07574279005086765,0.5296318128757417,-0.019525078099153
198,0.03737227079583844,0.06707051638180866,-0.07313057233777559,0.32393761521028736,-0.19313072175474383
192,0.08167444975818455,0.4159280322042805,-0.20026661977226795,0.4052636570085057,-0.10867126940510813
180,0.6958464612483668,0.8009377545815451,-0.5016213702114685,0.2517149899058035,-0.03286576844477813
92,0.4532385618418618,0.400926499744171,-0.6074683895155565,0.8429160997874792,-0.6038227271546068
183,0.4042090205886984,0.627466014685858,-0.3907154260036447,0.8185208261412138,-0.8778894943406735
194,0.22267717811053117,0.6371027240229088,-0.6128786563075352,0.8258557847283615,-0.03511514099510855
161,0.2654189007532624,0.44450823085722996,-0.6926043018247013,0.49712905739702723,-0.8818386416457791
263,0.28525103520430134,0.36549443971758105,-0.5265534016087484,0.7761586470363907,-0.8093164625869744
191,0.7513902411373146,0.9646791047397275,-0.3023989515554331,0.38297307505049044,-0.4914411224914847
126,0.15404961634992737,0.8926751596689265,-0.7220342300697645,0.34747895555454106,-0.3743739388251553
225,0.9531520382814922,0.29529322256718177,-0.5444861894348457,0.2073882055291139,-0.4074893047026105
129,0.2952279518656941,0.8858155960293715,-0.28528594949093516,0.4510428223818938,-0.2717083870810238
186,0.7713195397023704,0.2923765660248306,-0.15818569801597054,0.3301049316453816,-0.3432723377498726
198,0.5359204628409215,0.9454652136170106,-0.13210894451665783,0.8609466450980887,-0.8796284023234974
161,0.5349133643294152,0.8057417682425735,-0.06193094400309868,0.3421017664399952,-0.98468005351247
263,0.27044179791918815,0.706751637387724,-0.20252919994514545,0.5582599129656761,-0.4137837082652433
156,0.7230904097063576,0.027244548956386123,-0.6889346737358084,0.018297748057365677,-0.3668634649165024
183,0.6332899579012509,0.0626555002044113,-0.33002145744882055,0.5996558995066114,-0.6389166119900954
148,0.8904402302397113,0.6848294462846067,-0.44548168547311456,0.9159956581840959,-0.7704628071015889
120,0.6642519259569857,0.43456521397524356,-0.9555995649174679,0.15036345368703335,-0.8394061161532849
338,0.36781792962403,0.8855546261868099,-0.29190942928233293,0.2798286117003839,-0.5429093638774233
243,0.6375533381387476,0.8129886110319005,-0.6534114873227714,0.27130922147926934,-0.55145492477737
160,0.3360185574005638,0.9243082980443721,-0.9854028378427852,0.5256911734046018,-0.507206221914541
218,0.36759079298053915,0.4857597052038947,-0.6752341668937138,0.6676946651490802,-0.862600343670851
253,0.9108607022102009,0.34237084465205975,-0.7554845855144678,0.20135360959292664,-0.8250667481694857
258,0.22056907564775702,0.5961201952721225,-0.45402432454389025,0.4153378128995567,-0.29800883508107817
153,0.6004806540690795,0.27043835295197843,-0.16318772319070124,0.30489066271540805,-0.029619416571683828
160,0.3646829390435466,0.515587255731571,-0.35742343996901554,0.40944604793197886,-0.3293447995530245
167,0.017003865424291283,0.5314318084857904,-0.3821458819438625,0.3565560181739668,-0.08449368992933698
126,0.1698131856781006,0.2665850687530455,-0.4049410954699259,0.10873729030881768,-0.8306130774938584
178,0.8665497721952288,0.8447217845003796,-0.846138033219791,0.9162766014084041,-0.6135202150819162
133,0.6376511672772346,0.13057748616606352,-0.1896731428276877,0.9597810862889256,-0.6641120734389933
106,0.778149885975111,0.578779965119395,-0.048022302846068295,0.8966290493402561,-0.18417353920574603
144,0.8994501820258477,0.07518520863963557,-0.7372073550806,0.519003678326826,-0.38447882920459436
185,0.44116059814761416,0.9853262282867817,-0.6176483673016046,0.19722037228697437,-0.7270471195809357
172,0.5840779795992632,0.627914885538579,-0.429299969694149,0.7830298636643251,-0.5038583476181223
201,0.23279106381829034,0.43449966124244127,-0.7225401761271454,0.8661778197030109,-0.7949927053522569
184,0.7346898104389951,0.41721022528789214,-0.6845773956249518,0.08508391842977164,-0.14871536579733752
114,0.1662360942316386,0.40529663632036655,-0.3493053414277532,0.24143542215905484,-0.5741162014913973
184,0.7672557866208208,0.3492198958337139,-0.6676534400145229,0.31233212671895233,-0.36907749744183455
207,0.6625139662161122,0.4944648705154528,-0.3633912118409364,0.7302885406152324,-0.9727672659624205
146,0.12558803160219761,0.5497518371246602,-0.5645050920224282,0.2957319320694128,-0.022532484097969437
159,0.6355035122625963,0.44431965106417554,-0.09063750187091962,0.019999324441947804,-0.05527563498369998
210,0.03077185746022832,0.9872653560812071,-0.666695734531336,0.37270046207559077,-0.5646991363926522
190,0.4230124608999501,0.687786040848543,-0.8998573163389314,0.37292750178673967,-0.8288910886673252
208,0.36149002229790456,0.5194764669057348,-0.7291768276741886,0.12938740487868333,-0.3298788468676079
295,0.6432829165716423,0.5277186379183543,-0.22832882468021304,0.1227072632681731,-0.4127117185568952
332,0.8772393062054828,0.8413860612294524,-0.46316081823560934,0.7023281118752008,-0.9030245059854622
184,0.5055630466916499,0.24568477070237654,-0.22163736652724114,0.757496095515243,-0.84700370704462
238,0.9286013816716296,0.027570424319506577,-0.08229524031819863,0.22067155178642855,-0.9680107672988769
235,0.057783743059034616,0.9395213948854939,-0.6489349026809464,0.8345097922678238,-0.87401235506873
187,0.5353987092594312,0.5808163036559132,-0.10055249306134434,0.6650675818825856,-0.8965577196947335
98,0.369641968700302,0.0638145243951273,-0.7006718869645063,0.027282362032234393,-0.5240534432904418
159,0.3807133851214906,0.8501748748948571,-0.97548756429786,0.7258201546992491,-0.22427485295794808
233,0.4842966076969471,0.665856326899292,-0.3276180883007794,0.5518256007631525,-0.06339513556998805
185,0.3204793260923789,0.5449164655742682,-0.17053068203944627,0.9823573955867314,-0.7805038744665105
184,0.8383408212228161,0.4225837860897799,-0.7900637654962859,0.0667138672561371,-0.046357564773931666
107,0.476897128739131,0.7304783587848964,-0.07262545311537932,0.6728513552746818,-0.41042696507815696
175,0.6627685387061152,0.37059788575086333,-0.3601435934249277,0.48980991179379946,-0.8094589326606891
283,0.7296229841110685,0.9852264492838292,-0.32277405657963626,0.4544763861031727,-0.09287034541689249
264,0.005463987984912716,0.8388279410248378,-0.6670445058091291,0.4437300496760918,-0.6497377167154456
111,0.3800199461657788,0.36273702364479904,-0.20100814420393603,0.30199142750393787,-0.5350991199500057
187,0.5296019786375461,0.527094654125947,-0.9563557374180743,0.7341978662488428,-0.24511927130768935
257,0.20733753113359593,0.9365102390165874,-0.036196033274206126,0.18885615557616536,-0.564520660743139
172,0.1666669142299308,0.9872146760978834,-0.7160368076603284,0.20925714556467762,-0.15753568271921653
131,0.906227300629365,0.19884357603768005,-0.2952741896052236,0.5278591179833416,-0.46256496654426255
174,0.26511903570716117,0.3479791968075832,-0.32058005057365774,0.9501311118157283,-0.7682397373249462
145,0.665361116296184,0.5924323618851187,-0.23443063315139373,0.8072838271795651,-0.7521950376384501
276,0.7567219776400398,0.9510572241036023,-0.8832163518646449,0.24168215788245045,-0.9412909436910679
121,0.1680717457849728,0.3246680668077933,-0.28307119527389707,0.1871353840678242,-0.38974349726358753
141,0.44598427159108095,0.4294715296206855,-0.6578730209809603,0.47541541051258657,-0.5105724880774744
201,0.6469822400169174,0.15623400746345567,-0.7747933139395605,0.46417908693641136,-0.18442554701993447
139,0.15097428892016634,0.5397482953067552,-0.5755766549496126,0.6923868010039383,-0.20608796591546535
183,0.46276019200044954,0.5762449512950859,-0.16092758140835822,0.17392143524163634,-0.013419806052942523
151,0.6259809163238014,0.9572527143828141,-0.7647684678576196,0.09694572041822219,-0.4479733776484727
198,0.48777516993244247,0.13775227280242558,-0.4424614427755636,0.2747310759648836,-0.7834380231337069
271,0.9712770866992122,0.043817088055229055,-0.8253529679993857,0.61281606811851,-0.06605814249206349
231,0.9220291065166802,0.3949822693966451,-0.5644335232899782,0.9097157387548317,-0.4559506572832848
170,0.2788865168286793,0.9078991725843009,-0.7891454942975429,0.5365742816611898,-0.176458244968192
198,0.9428734789134972,0.9753535812370282,-0.8404074122333786,0.9245315609823381,-0.9755466028415473
230,0.2251722318516492,0.5886506033728769,-0.8947623692332453,0.024220714671550687,-0.3452471998122079
148,0.26144706887451724,0.6564207650471617,-0.8487531752511119,0.8459157506211485,-0.8702617870891936
195,0.05379639738580761,0.9230321644773768,-0.7760701758233114,0.5564865500607304,-0.6765183561845056
299,0.5253197145338088,0.6748282327098108,-0.4806574371897238,0.8114435896627604,-0.20821136071298868
175,0.20180854424063283,0.19420948608486316,-0.3563687367098554,0.5281261751281561,-0.41503604647640086
174,0.9444827639402579,0.8486720728958124,-0.06365383073760383,0.853978001476341,-0.6537328983636056
175,0.7160938683673057,0.4327510103475983,-0.554939104515259,0.6341886140687244,-0.09221499087045476
134,0.23069193735440602,0.8770195007839261,-0.4537370934930354,0.05579510210130673,-0.5538430372999281
119,0.5490667078246348,0.7506080005370995,-0.9509834246307335,0.04874528640115023,-0.6615293104449727
291,0.2104652903775695,0.5245164123531971,-0.23165184064067562,0.4218457669633017,-0.36560533569986414
363,0.9763686487392307,0.16058284325656597,-0.3679796732755816,0.3534991194303098,-0.6619245383215328
223,0.4101232238935167,0.391938039779323,-0.2807047247764812,0.10658966737816761,-0.6986032316053566
115,0.3635866120414197,0.3782162706785213,-0.1978630731701166,0.4479658929704959,-0.3648024776771735
247,0.7056035163778853,0.9052423802341814,-0.018539274297363413,0.5449807734445599,-0.7638364372228079
226,0.6449359067651932,0.3540955006455096,-0.39113882081818935,0.01047726584877901,-0.45420685104390995
214,0.29699310808266094,0.7693379074251538,-0.9359619873459142,0.46927708527745166,-0.8888623632737119
170,0.43886885459551245,0.055982583837211615,-0.811068514652878,0.5592082375319585,-0.8666249712986509
257,0.9025194744668189,0.874662679494818,-0.22246922437944977,0.07631147522908516,-0.854863914094524
251,0.19120990722352532,0.9534844054386536,-0.9556182245036017,0.44200817236688655,-0.4851213750043922
450,0.09198513053623142,0.9142078948654748,-0.5690705713561053,0.28472904601751575,-0.3386420249915281
145,0.036349579152246854,0.9729622142703215,-0.4611996666621529,0.6483616973037835,-0.9042531563798241
162,0.09629025466939917,0.36834078261784525,-0.5009420286626878,0.08163738589441255,-0.483532217731885
202,0.8350383332558842,0.4348582851311202,-0.841790310616451,0.7498053595690234,-0.12241708465253448
140,0.5668676034282524,0.10035797244097594,-0.15009272804496204,0.09941594812007531,-0.18828178929597456
152,0.6703232996055221,0.7855783566195049,-0.3133230690743248,0.42817401744368994,-0.8951140770045223
189,0.52378189111416,0.3359160047507012,-0.4044479586702833,0.4355051443614823,-0.7804722691528517
205,0.7512043769797131,0.24561262781168908,-0.48695669516913126,0.4138795767468149,-0.4173739868733402
186,0.8592698505245298,0.9862572796349928,-0.11551271888714071,0.18338269067000285,-0.3477355800382655
219,0.42981611736846453,0.8469298939210138,-0.06976022440505719,0.52688023930309,-0.770676611872312
269,0.06809781812249899,0.033515258609188865,-0.0911873558702248,0.48729893625441373,-0.7305148479757274
311,0.8286551851384757,0.5861938175513823,-0.32438641842535837,0.2670619376164058,-0.14667492350754913
216,0.4988892107231013,0.39450694269651215,-0.10058490991731,0.17547330435878644,-0.4573155524415508
257,0.29898723958329615,0.5144998150992071,-0.9505067501537582,0.742523111878107,-0.6775341607031475
321,0.08125316583157532,0.38859151793437857,-0.05920166937683231,0.1282642316461658,-0.22825707078467122
189,0.6926176215645273,0.7857211516019881,-0.7532985136994836,0.9359588687497645,-0.8945388618621606
158,0.7299790971301163,0.6798071102596631,-0.008993632089382924,0.6643549522286493,-0.7543667855980025
241,0.7823639924735188,0.8389071131116856,-0.15440344536928846,0.5013300322613626,-0.4896988467577838
118,0.08572594765128733,0.5711307901569045,-0.8504141615145571,0.9974101525013164,-0.2456904020202732
308,0.3706128103750825,0.6683476137315765,-0.4279295671074023,0.6437547387303413,-0.45944764277922207
200,0.8756317165563661,0.48000440118090043,-0.9919988050791038,0.549244185580523,-0.8462690599842038
320,0.8921917342451132,0.28888390731126373,-0.8607821866418437,0.6816764057822169,-0.6083340740492078
244,0.4993245738646676,0.7030207001431727,-0.9554924754784827,0.87771298144402,-0.15183755015701844
167,0.062483158692979886,0.11290470288130033,-0.648554080886554,0.7165677563627378,-0.23014999814969023
184,0.826283611890388,0.5207826998525429,-0.3867806757812778,0.6658395518568054,-0.25832668285812926
159,0.2124066662975877,0.676448878586313,-0.7541612666897176,0.36457884311977046,-0.9636288745027959
500,0.0678504171263084,0.8414755989487961,-0.07910941037438829,0.5537691625307405,-0.795635018637638
190,0.9598970665892429,0.47029058716526145,-0.6383011005672535,0.7376035827836896,-0.942228615478191
203,0.7280359059248351,0.9267864653896588,-0.29748548299281014,0.2108163138833477,-0.14952132224683795
325,0.3172163114141619,0.11128700426817567,-0.38366604382955144,0.12732589124385546,-0.47824408864688633
131,0.3863234624255402,0.9827643316998628,-0.512092661205615,0.5280233067026053,-0.6908369319640468
225,0.9523977768197796,0.6212247276808228,-0.3968381329325094,0.05213970598521984,-0.3993667006134504
198,0.5957955943078587,0.1804423960008446,-0.29251370628626133,0.9523403489917284,-0.7697664881705437
306,0.2919987174120298,0.6346345382918026,-0.4042026557782869,0.2087681037124663,-0.5027363877298728
125,0.7420777704112399,0.8490888128704466,-0.6001176584933271,0.02492265143263512,-0.5255047279492279
240,0.35491469184363483,0.23140652049922666,-0.6354692016628993,0.24141361619804097,-0.32255292579609113
200,0.8819077735294081,0.4644718721003846,-0.6378809735463484,0.07441034002731634,-0.06921689457233265
184,0.4802082081228379,0.16050766259953614,-0.8880137849345175,0.24295302971684613,-0.8905939837610303
258,0.5218226417069619,0.6443125175810588,-0.19801238325801002,0.6508268328788323,-0.25868642721634477
351,0.4957569027802288,0.19177909746124427,-0.017920851652282473,0.25477596324216306,-0.4758147343976861
179,0.9928632343845402,0.6250634489275053,-0.5890210424471984,0.7694384344474012,-0.3633496887964683
229,0.8622017868659156,0.4859016438637818,-0.4430971919156807,0.2822054069164411,-0.44399277378500274
140,0.5898047972634646,0.79334046710728,-0.5544069326813598,0.9222274164485567,-0.2631785648987007
232,0.11446027513792495,0.31851408455612157,-0.5570662926644167,0.11700946548885333,-0.6086716134810843
256,0.36482956933923877,0.3999004703057452,-0.5221894932099157,0.3663315548765343,-0.10694849046322036
126,0.6603775163827245,0.4216269451498457,-0.8290695275518741,0.5114158579407966,-0.4311099140142373
124,0.3654952298949737,0.9153025551714317,-0.2833740722404297,0.6258089594502814,-0.3258024242632835
198,0.03546101070980951,0.13049665024362928,-0.5500644431403011,0.511503333034487,-0.5533516190614114
246,0.9831683088738254,0.8687163268120348,-0.10166532195517536,0.8604365872645783,-0.6357855915442399
285,0.8597417309160764,0.5417377323026491,-0.12140889668734584,0.39221664836075515,-0.7518068170452394
259,0.8067641532219375,0.9222952100888399,-0.9478722219307226,0.6311097056420667,-0.8254155718781306
165,0.5064200943800845,0.9215044924371815,-0.8728674104624536,0.08001176739379584,-0.018915863567753828
206,0.16176435059609245,0.30377592929286806,-0.25023724928998875,0.19706488205283107,-0.1967115508730159
241,0.3339995209333731,0.6520469372482173,-0.24161191088295558,0.968886273412597,-0.11072158466220455
169,0.1382962325061297,0.18328627717558227,-0.30421517465133757,0.3400162449527316,-0.07391880098715858
177,0.9191246771345644,0.39993837951252414,-0.7997761052714698,0.9760147048553452,-0.23478744654379596
154,0.9849082975960346,0.7236584899102746,-0.41800037989516187,0.5519124357045534,-0.7050252609682328
173,0.17448878401449114,0.8370113295178174,-0.8436520131508758,0.7172387969294395,-0.24528614803481535
233,0.9550371150985415,0.14689101369358532,-0.4374577893605263,0.4270536257307153,-0.6268074141431138
142,0.36624400390283346,0.8808762077983029,-0.7647006799247619,0.06123719013507029,-0.6127824446049616
226,0.05763599765661904,0.48594366792082194,-0.5282776853741775,0.1495440842782631,-0.44241208815961125
241,0.6327551921807371,0.8593093964899016,-0.12622753393050185,0.6234186558699082,-0.8509109975440607
193,0.27675193148459504,0.6770778356923756,-0.8545004533523359,0.9004085146137161,-0.34735507783913083
204,0.6288190563846476,0.3833859393385431,-0.638008784968868,0.1436738644686773,-0.019592729118809445
103,0.10984430107513438,0.19287920508210682,-0.019520394444475127,0.8652115472991504,-0.33940139846997636
163,0.8072915108619934,0.7577231990213142,-0.12563985620177204,0.14143454923854565,-0.3465560693875855
265,0.23231491444925118,0.6224639375380626,-0.09487957663441832,0.7958496698347872,-0.14230747111049363
275,0.7372165424210017,0.010447817193631253,-0.15632116153601588,0.8205032131033846,-0.08077149363429231
179,0.5551652689875446,0.028835193687109135,-0.5983297798439605,0.9656265219402965,-0.57320894812251
260,0.8309416357264275,0.7164751811938287,-0.4357429623301507,0.29643111908266734,-0.031133855715763388
217,0.31113855064980983,0.8127134187224908,-0.5686248595549332,0.004186795353991751,-0.5770018503679927
155,0.20237955258650692,0.669499210776592,-0.11234093618082458,0.810565689737008,-0.17262405707943035
161,0.31749583586318225,0.39932636021268214,-0.6712825781875921,0.8609118107051733,-0.9549935236527227
115,0.8476962092310847,0.6629594141201496,-0.09925791993453376,0.47511046971982634,-0.4946664238434289
114,0.5341900057197471,0.7546505075390734,-0.13622896161970394,0.827634866658111,-0.024118000514571532
210,0.37455877877759186,0.5285304781293321,-0.787779263774485,0.138619055185836,-0.4000080926237148
181,0.10624366644696998,0.3986103270214372,-0.932030551121622,0.6628048955457791,-0.9799718756895434
198,0.5060830668178803,0.5908461048034502,-0.61884681185278,0.3753804078518724,-0.36784512083128246
239,0.4683311760723939,0.7860539619715601,-0.40768842522021925,0.8614284101715175,-0.6028048542111133
212,0.15330955924361517,0.5958237991526649,-0.8946665081364786,0.16737289171539754,-0.9058991989832053
226,0.8457639303710366,0.19634677817982144,-0.24518466743382522,0.6732900884066562,-0.46949909284910946
119,0.04108262432322713,0.301827284339197,-0.6466926252364091,0.17421926799449877,-0.6196184546913958
93,0.7352581079447711,0.33669855740702065,-0.855739223188598,0.7042556540101761,-0.9237163353730281
221,0.44539183540633737,0.46084089625951624,-0.9788151677241483,0.26334372845273407,-0.3126786973561803
217,0.14512608104755081,0.9035282982320133,-0.7897827035255857,0.6631867667051723,-0.446136475520777
154,0.26747428248395305,0.11181030097933403,-0.9279328987969082,0.21591229330521639,-0.644659595212812
166,0.5501044501230643,0.24406222055977883,-0.6128244943818637,0.8145604186362114,-0.5705287808236261
232,0.34631157327463863,0.5394300359320161,-0.8339265312846803,0.8288608979874103,-0.9554528786848824
191,0.5312635603189808,0.8538710718095434,-0.4026783762426975,0.9418227190799882,-0.25089260907717276
242,0.9647476140116568,0.0761554089501954,-0.4961467518497307,0.42222813554453603,-0.32104221208851863
392,0.8648127268731546,0.77521839873286,-0.251995593950415,0.5494847025133748,-0.3198016287820373
185,0.006593510000991459,0.12843645943382892,-0.9758103724194331,0.5350928085912956,-0.8343138411260465
223,0.6617234315412007,0.5190792297955339,-0.19597933481026492,0.7667736692927598,-0.9362374456446697
116,0.19718714753197625,0.4535922474618966,-0.9481959727562962,0.18176787789180388,-0.06317922384040969
297,0.8876662040367568,0.11678531565442357,-0.9388621983956329,0.04920272805950405,-0.3285820553541789
218,0.535477187818311,0.19296446654035232,-0.6334132548138601,0.8497516891827129,-0.8853040796769441
205,0.8826470328903195,0.4648743681090219,-0.8127002389068853,0.5967508412146727,-0.6491533508937718
169,0.0824676331856718,0.4497391938124194,-0.8610731691081666,0.6876337412108771,-0.6460563439083656
196,0.10291322736580749,0.6114046393356128,-0.0848706943996293,0.16162305317493303,-0.9029430543377326
175,0.09257924079294383,0.08395354908389668,-0.02682735393574926,0.3681747572402108,-0.24894818169362948
129,0.30327689932044405,0.8494069839655319,-0.13108619968037244,0.05107065757836977,-0.05540118284477275
125,0.3980719852143942,0.7586890475427848,-0.05501092512440937,0.5607277451219089,-0.2340180552575311
258,0.42320512305362806,0.9420742323948675,-0.03160487360545245,0.040912039715214905,-6.8398551595345E-4
148,0.5221668757931258,0.3143951668628486,-0.9221785682361662,0.027768073893463648,-0.7005667591642712
222,0.020199097931271455,0.9666443231985342,-0.8306009703446632,0.2057419901449255,-0.8493432156071352
257,0.1970716094922133,0.05491296283959652,-0.45495761901016213,0.12040571066845102,-0.6108411151208972
474,0.7726074849357646,0.7947609700182865,-0.35146614731222187,0.3980187723156086,-0.31771114856686006
146,0.4950386943663713,0.10943024687621011,-0.5792692886386069,0.013338618581013767,-0.2981893660048344
226,0.24269441318251633,0.24455492564315712,-0.9913633683994203,0.029057663392072004,-0.04307927947306484
223,0.2932847240171436,0.3777738564529716,-0.7566272495912056,0.8448749838521935,-0.07755620644556888
167,0.21923394425525827,0.2650712723678234,-0.06200536368211124,0.6323579025217051,-0.6601554556083719
172,0.1396110014658945,0.6887323093768891,-0.24007744486666388,0.04462978662380874,-0.6017345318211211
201,0.844985432533121,0.9213872123393202,-0.8138544775790759,0.33867911144822477,-0.034316056826233794
205,0.0705552351528827,0.2972300375515207,-0.9636822328901361,0.4006394054742441,-0.8604561143780947
58,0.7540907897746082,0.4163583213555448,-0.41934180079679756,0.23103327146788005,-0.31307316591087747
96,0.5666589457410365,0.13899480729592467,-0.2446902748109478,0.7774135304594815,-0.5212266991697814
251,0.3018313227274633,0.34306549852866436,-0.6170070802561571,0.6475539188993177,-0.414303883748339
240,0.5718711772878464,0.851847805636921,-0.12920932761894205,0.11345810574093579,-0.15395409103883045
89,0.9465092290036642,0.9444968997495004,-0.9805194357380572,0.8854622695298318,-0.28161434357019915
500,0.5212633221945687,0.29000491186140215,-0.7059779236140606,0.24578226069029468,-0.9621712876130427
207,0.050835538110274144,0.45070400076665357,-0.5003280913400249,0.6576082267991812,-0.09533940831165871
119,0.23126809069002247,0.509032012882489,-0.3075008259233432,0.9026994915621781,-0.11143384198421019
196,0.9965819650791362,0.8586580177569779,-0.3053139325275985,0.7449867565060281,-0.6018338569748496
195,0.6308660437420014,0.21970118114438292,-0.4252878913127664,0.6258222821749283,-0.9528111294602791
151,0.0679959809915634,0.5594652762563953,-0.439493519249968,0.9580068095974059,-0.6117462569512224
139,0.9249397467402176,0.812421826310941,-0.8012544716146578,0.5066355338741969,-0.19195814417435603
198,0.15130908344157362,0.4477670812299494,-0.004918930477216648,0.10303356885633669,-0.39585697678049053
230,0.35993805252092376,0.8817752566939171,-0.38866900021309686,0.10963976618132115,-0.8608382514778408
288,0.8424414355398617,0.9684669636582078,-0.12489497960314294,0.6888761262028387,-0.3789102795795139
169,0.23770466249290817,0.9526883121323664,-0.2746572409430375,0.2881355076617997,-0.271680392055946
246,0.0536979334383399,0.5689312319495673,-0.8381033047723476,0.593613797158639,-0.9799029503673323
349,0.8296156259125659,0.8737927147456791,-0.7466090415827124,0.34374926235307485,-0.6362375432706466
226,0.9919617057007476,0.28616624497049753,-0.5489052745060767,0.5417361235380989,-0.2818598795538568
202,0.9669537104859303,0.22550946450476522,-0.19441949995170277,0.028382569428765998,-0.8360293256997511
189,0.35285007012725006,0.46697252158338637,-0.20484540609670782,0.6644266471542926,-0.12370688644447653
152,0.11476210295579453,0.5444721595473712,-0.6499973855215252,0.7071238021463426,-0.752289411995313
206,0.4728532645317562,0.6066287683975966,-0.20017012583713018,0.48448918113474354,-0.20804583326661835
240,0.9184307520140628,0.22428748020040606,-0.3586780316750084,0.890650573337264,-0.3822145050077997
198,0.8181082220857832,0.9133057636261666,-0.6931148674251458,0.687560503517675,-0.5061706072815665
145,0.4912642344286671,0.4756751533828792,-0.6910005118538187,0.6817446639619057,-0.6583609488569581
147,0.7057663389342398,0.8293151653086804,-0.7320220563193852,0.02166523275062355,-0.038389268332463984
130,0.986674394080917,0.6552119176211282,-0.9777872773690691,0.16684225360249422,-0.8813255977805325
315,0.27162446819547575,0.43775085774685835,-0.2963857695395104,0.5697599027340403,-0.5146121539290964
114,0.37297320055400557,0.8678243296286343,-0.979764464758914,0.7022782617595915,-0.10596608761019338
204,0.9636530312336185,0.47849458001259265,-0.1371510647414193,0.6297245705555052,-0.16633056265329887
232,0.35767624166919393,0.8585614693509828,-0.8813706749117339,0.5064046929927678,-0.7752763745312364
281,0.8812503949082863,0.8184715422611412,-0.5376297774916793,0.13145438265102555,-0.7937717789668823
103,0.3505524368553043,0.5068806772562453,-0.07633533345407867,0.16154590828438437,-0.6636772969300506
217,0.04858064361509446,0.3481216137890591,-0.7819568103174014,0.2425703144309153,-0.8265256851374735
205,0.42228652679838125,0.47267669018617225,-0.9426044344851514,0.07040120304120862,-0.5160696958830667
273,0.7394391921732104,0.7930833548320771,-0.009951317916637009,0.8372208099640532,-0.36577246732424057
202,0.8235957792931723,0.7966750822271685,-0.09191497410374289,0.694742430992384,-0.09682216265725124
235,0.6210880200217718,0.17398912529964755,-0.13154466138829984,0.3040253347021514,-0.3830010103200679
222,0.6461258120883161,0.18582392216594817,-0.7335586687864529,0.45293357947408003,-0.09333716482796045
188,0.19388779025730069,0.15807613861030995,-0.7746914651817339,0.6800783246797832,-0.7135213099353442
193,0.20273097852013094,0.8023036439986587,-0.2745462663053056,0.46789747690460975,-0.05450085219350082
255,0.538926927981208,0.3171965441168058,-0.6301185398707676,0.9518788572986956,-0.2509912346455621
252,0.2052368804498243,0.18621104667139637,-0.7545216179983041,0.26777200735617107,-0.34083332211937106
162,0.09193772800721128,0.034046906162464925,-0.6447409758927087,0.1479909658006438,-0.9475772635507975
166,0.5500252653971288,0.36845960846288356,-0.3015481697324813,0.9548632128789116,-0.6793110076221415
218,0.211444793107553,0.1314493584705994,-0.9915612234089165,0.35221024315019883,-0.30734937066298557
163,0.6664383895270387,0.741703936900769,-0.315584639614172,0.009964759086131208,-0.06354073402465493
162,0.9532908132241948,0.09084133471904238,-0.6239667205300807,0.23317963496496535,-0.060300456282215094
217,0.8238612119058106,0.15098972878769118,-0.3144977691624811,0.6021508511287573,-0.3342687223408754
184,0.2815287415727085,0.281432184472498,-0.10128292708777681,0.0630487767550762,-0.48133213688751103
137,0.36731763452738825,0.31833139828965834,-0.29036723944166426,0.1703630657955974,-0.18426919168856887
250,0.0943860909583249,0.9495531117282332,-0.6730705765365764,0.38332213574742974,-0.3111360668409869
241,0.598552518958287,0.8306261598591561,-0.4522832217839538,0.8522276900636437,-0.6267656829421787
158,0.908945197052392,0.7804745222721626,-0.832957105477398,0.5730298398946758,-0.710727069398065
221,0.43302711925126053,0.7804565508671507,-0.5096126878000405,0.605411516577857,-0.17210870579397647
238,0.8928229602601618,0.8074322828248133,-0.5278630911164715,0.1384457629306,-0.9831764458984317
220,0.2393212459031156,0.8647594266621589,-0.2637274384308998,0.22342512949919963,-0.3010041978331404
166,0.5470734585723954,0.9229547313192706,-0.342552248785905,0.833559332088223,-0.5977031561639684
254,0.5555255277359212,0.5055300326139394,-0.5164864391430566,0.8452173101031704,-0.9848220688518476
206,0.7015042756784454,0.5671052147997977,-0.5078488000675366,0.9482943928405752,-0.10368251067078299
191,0.029859347572327062,0.8762822557725245,-0.9135097349925558,0.528397440066985,-0.36820320981263605
245,0.3794455307892654,0.6003642995681504,-0.8171070584796319,0.6821000766271115,-0.9044298490440337
119,0.7556306511548333,0.692631061980861,-0.7657615348663629,0.35982673248690306,-0.6332403031527886
159,0.39971302596764885,0.3931102210216844,-0.12118395968658041,0.3221777112231257,-0.23003612993328176
174,0.6725487697537224,0.17794734731228917,-0.5335884673678307,0.8531101345818637,-0.04797008266524334
187,0.5131685249799076,0.709681080473756,-0.22698555111687518,0.5395450874033775,-0.4904236070645755
300,0.3492282322374853,0.7465404197789322,-0.11567597248712763,0.7968009811997044,-0.2579499177019063
169,0.2021243446858822,0.6666045444324813,-0.7964815360423954,0.026787581091561825,-0.06763296770539479
249,0.9105165180633967,0.9863473532614139,-0.41705482299981717,0.614625619099767,-0.7045846190614455
134,0.6132203463978441,0.48867684188444255,-0.35788771358893984,0.656244487174799,-0.411745431162069
179,0.24620730245543349,0.3778785805596477,-0.6340992774155902,0.852597029834355,-0.29703785549442124
179,0.13679439427253298,0.7632002239189503,-0.2526024208812792,0.5171923957544086,-0.5075150766139934
229,0.7560519274694543,0.5915383936112057,-0.0023241447589056937,0.8684930341706287,-0.9785430510445605
217,0.9047729246859701,0.6450107952076001,-0.28268060159002456,0.4791042063823216,-0.6765867329380282
129,0.5241690628307734,0.9748822284426788,-0.3197467425811075,0.7459239886772834,-0.9183867884514831
301,0.5494563945871335,0.9392373106580343,-0.854485678294702,0.16219744285266674,-0.6490814014974771
258,0.9515154427835406,0.11649294586437292,-0.7527978988581987,0.04533838532540908,-0.7365616137119668
250,0.37011182116413793,0.0844376008746493,-0.47315329717297455,0.4162763515322461,-0.5824448447575666
80,0.9386831444985292,0.8736798197512563,-0.32453125792649457,0.22315923040803415,-0.390989534386972
194,0.09399297556265301,0.8784051424259295,-0.7962352141173702,0.10748535011026344,-0.5070033132426164
146,0.8367196669435069,0.5249822616074392,-0.10060581821608511,0.4612896696906376,-0.2923406050709962
170,0.5223848271919146,0.8881845893774382,-0.9480887982373271,0.38631237470265006,-0.6470036598394937
161,0.6578412562224827,0.3814674864339947,-0.6547448279823763,0.6440724023438384,-0.47697825902814034
197,0.927743747426482,0.12347343734882305,-0.10209355937786085,0.8084276787898032,-0.3915113719496199
195,0.7508647952011833,0.21715168733236784,-0.5927645416813933,0.2681615656416196,-0.5857415488461233
180,0.35032612001789737,0.9405301308082914,-0.20658481029190084,0.0552521377272483,-0.8879991100207459
145,0.04108534754667865,0.7907747476444398,-0.12661228288396048,0.9705197834936857,-0.23954053466823938
67,0.24534496767340525,0.6969968905201777,-0.2415981820044531,0.3591849331130719,-0.3975089557181997
200,0.4574624701538283,0.8889674352025609,-0.2540653635391538,0.9868620565285801,-0.6496316906931692
106,0.8962670390960473,0.26484048809721833,-0.20434401077245873,0.5879733645504468,-0.6067628793873497
184,0.7207632529880769,0.16304880319606846,-0.5558626923363316,0.41143532751380635,-0.8816209856446764
169,0.856088569258511,0.700208242297318,-0.6171295032100207,0.7456890787622261,-0.04050659221395387
132,0.8472833281199352,0.32487648443387435,-0.9632304901963085,0.4012741145287296,-0.74150146753002
202,0.4541580519570228,0.6898005703504131,-0.2956941784941168,0.06922718566376102,-0.885802076238512
359,0.5895921509590178,0.356075131794708,-0.7713143628634737,0.06435890652227755,-0.35628375718040567
210,0.23732553291943542,0.5709165535060666,-0.3002240121521527,0.05732915734890049,-0.836161058064517
173,0.34721507493870146,0.44243576305635374,-0.32735363744166107,0.37990294359801297,-0.9710621670508596
130,0.5549911401356735,0.9372990855117864,-0.8853870624784812,0.48513788523402407,-0.7226868137329506
281,0.5481860013121452,0.6222914540304235,-0.059071387329831256,0.13690643761135285,-0.5218375025073055
157,0.380228972752309,0.9790787016507932,-0.16743948660561186,0.5056369848431798,-0.535241304316544
182,0.04202011198964057,0.2133309686127977,-0.13436733921783978,0.1388694254987239,-0.11538285916144303
146,0.7439251787819192,0.5994064576443863,-0.5117641958876429,0.29754533096593766,-0.09068099129566726
98,0.02403033815275319,0.11384101062184443,-0.0667813913352539,0.23100016754796143,-0.5533014555442197
151,0.7842698894280993,0.042814304257650156,-0.01722420113895779,0.8179966923284862,-0.7971328989595959
256,0.5013320723929626,0.04711905171394044,-0.9642560519408048,0.5623691874404241,-0.5797265813589264
162,0.6465817992464836,0.7541090696362004,-0.2166668053247885,0.19142160767245003,-0.24096667684571055
235,0.336763677852889,0.7952499377778254,-0.02650524954419193,0.7283421699126407,-0.16651739964788087
184,0.15304926040787986,0.6579849368805151,-0.33615526173156257,0.20037850045246625,-0.31253172961837866
163,0.6958335635084871,0.8421926407952507,-0.9469606843278054,0.4555057084159346,-0.13509822917864062
172,0.9713925381880183,0.15794162421972252,-0.34750601506259354,0.5296932467009949,-0.24197574315892317
436,0.9543520382369347,0.585902979227701,-0.39010166113763095,0.527527345882463,-0.9621889554698578
232,0.6966677674126915,0.25106069881031384,-0.12607578243006107,0.5953230632349422,-0.7697666577676997
166,0.18440798291432098,0.18287902326760624,-0.9683964273372094,0.019444701510230873,-0.142617302881837
84,0.9005424420007503,0.048384128345884965,-0.38319901276015483,0.41015376089735905,-0.08825659672134173
271,0.5607190906901035,0.03203078558858114,-0.6126303421972733,0.25135728267672314,-0.8543564884288808
162,0.4546042236324965,0.18784883278868775,-0.6030743399549948,0.39988050566934147,-0.5992296602349519
183,0.9581602510100957,0.09224973404676823,-0.8457327005610848,0.41012697751120014,-0.4601807218066927
187,0.783969549321337,0.5898681719139441,-0.9782149397876376,0.9857511190488848,-0.7044684327181931
95,0.637621458038845,0.4417106609896306,-0.8671299557595755,0.5673292337452264,-0.11129187175131489
88,0.7181129149056346,0.3997601217282876,-0.6349146303555834,0.15293323384910412,-0.12668147938097624
173,0.9375528514104069,0.3371315723588327,-0.11906062716254567,0.969314549679907,-0.11848241599995163
223,0.16904342960991808,0.9044627268570596,-0.17776460147607126,0.8823876726295138,-0.8195086672009522
106,0.9520348393262189,0.20642249318913325,-0.928227762379018,0.4449394889188973,-0.006524778233627243
231,0.45243877427790086,0.5246406258981076,-0.49543676443733814,0.9523097809380068,-0.6187397530000484
151,0.13550500329660337,0.5249732895416681,-0.13879952040072469,0.6005355876889732,-0.151307877330289
113,0.9729599573714904,0.44178668973445917,-0.6722060857913429,0.12747074027024147,-0.9914441364222291
141,0.9350434036661789,0.9789895281495489,-0.3223899877221135,0.010354103496373062,-0.4536877451769858
115,0.5966883726216239,7.982580863245601E-4,-0.882616217212696,0.5193221235965908,-0.7126452321709108
201,0.9221545847164009,0.13163684219663557,-0.06667096065758887,0.8025312351860716,-0.6691234482684504
208,0.0355541667221922,0.16242183352964618,-0.030028056409922517,0.9878041379785517,-0.02582988655826108
305,0.43920169786544666,0.4802741680328803,-0.1092232212321706,0.15216390232900162,-0.2810947323294269
214,0.252984382679638,0.10070461921915291,-0.17138024330501783,0.8918366047079044,-0.8874415101393424
141,0.6560834648738505,0.15484554270019618,-0.2527954043356308,0.0690976180800204,-0.3753313988685712
229,0.37714624374599554,0.6350763779511682,-0.07631122534485818,0.507012180555165,-0.6481642424116019
191,0.7685642921829013,0.965786554512691,-0.331088824340991,0.18135483858792462,-0.9904437405701271
156,0.06656913541569826,0.8449542656350769,-0.552945389733865,0.6967141057464666,-0.9549919509062176
127,0.18215945171348474,0.299936210859916,-0.2024427145976317,0.7167545826893791,-0.24116443032758988
206,0.22920036525593396,0.6799759725733829,-0.9673577714478673,0.3305393683069933,-0.5656422119583828
208,0.18905542300046302,0.7984038009950309,-0.24739399533080259,0.6542891223472017,-0.9387611107038413
167,0.5448133231279407,0.09741577916047822,-0.049354697411521604,0.8284328664507686,-0.026797292172585148
298,0.3377482740723962,0.4727258094813644,-0.0031946280761555087,0.7104624949246158,-0.9780431682252543
199,0.3049900215019586,0.6294357073545235,-0.05221761354702798,0.6103706063920463,-0.9840337475773099
320,0.34657740078324556,0.14468646859528772,-0.9552742743259898,0.9294059834137725,-0.8836814399505686
279,0.6656234340962942,0.9091092334158294,-0.38505596002834647,0.14293255241784603,-0.04636585753317397
344,0.656901917043901,0.8787175809000471,-0.6467541204028143,0.7226465105382068,-0.27532335611459885
183,0.8331274717175382,0.6212926134341241,-0.3081290087336194,0.3919683074493992,-0.23242737984943046
235,0.1462329686439367,0.5398176124383908,-0.8899845896531412,0.14651574605381162,-0.7393835474868115
178,0.8845321635585501,0.3511979160926196,-0.34677756355300576,0.46419608294837983,-0.7669277271895999
214,0.9162302230773125,0.20853545397485868,-0.14936226756791665,0.4820781154859633,-0.5067098402750967
213,0.5887290006633747,0.5918555566412499,-0.9894306708219335,0.902524131367518,-0.3917436384776947
173,0.678263240306256,0.949979589524124,-0.9961665849266198,0.09197413487693956,-0.20397996224943243
191,0.5647936366600586,0.6565820250772154,-0.5686219827129594,0.7958111663283173,-5.73288573359981E-4
190,0.026514848933249242,0.2263900113573401,-0.7507609618880957,0.44670154701659165,-0.7502171304539661
214,0.525151820520724,0.792255476606728,-0.13829127099938215,0.5824749406678806,-0.7223371178933634
156,0.7147798974302026,0.001021792091821688,-0.06526238176468419,0.8436887539060857,-0.6388830291978126
151,0.9260955376457954,0.4749350478686876,-0.641211004009793,0.13073072437142258,-0.0674354522369261
129,0.040725658306865094,0.5715426429921839,-0.7538653199892161,0.9682824105933394,-0.5144063821198068
325,0.6336524826843871,0.7155554484118709,-0.770641207771251,0.5313341105745398,-0.24166948277162886
263,0.14609640559456533,0.2385626489487534,-0.8446958179603621,0.17682265518313406,-0.2066486745362261
254,0.8350383379846115,0.4376239515985431,-0.06188135687707281,0.6596778743678843,-0.6323238318167368
296,0.7219518308093568,0.7321492714721303,-0.7557869582270745,0.40679493155879815,-0.5177318994908753
220,0.3389806623169485,0.2917068625090616,-0.8719809313861591,0.27424042078775696,-0.014950510256038057
193,0.47643968035174283,0.6372075684782129,-0.041044371541260345,0.45422501146394284,-0.8060237418057286
198,0.14432173294386091,0.026806983087485033,-0.8173424303311461,0.492117500435917,-0.5312588415329791
141,0.19386115978806767,0.956528759373069,-0.11557533442181328,0.09875295769197551,-0.22818041708787623
223,0.07583628906170031,0.0834145659719237,-0.8152787912199372,0.3972292041239586,-0.5898077638825838
235,0.15605037813567907,0.08535363342340124,-0.2622758893547345,0.12503222553668708,-0.7814009869603892
313,0.8276166444966105,0.9471031854078443,-0.3208734085309974,0.22344283666779113,-0.7616417253935482
189,0.6816523117545406,0.328815154038447,-0.5050213882547041,0.686229132359228,-0.636989009128935
249,0.6842822200719414,0.99820003927114,-0.44696059479473244,0.6470808082579164,-0.5304596261506248
111,0.09015642888661762,0.23709130731331224,-0.27322647741137057,0.010547147873045731,-0.7286113410819136
100,0.8533910513021793,0.8085805818421903,-0.013049395378122946,0.8080028103697477,-0.5373366646991417
196,0.24306718265231114,0.3541171722567165,-0.29609375941242494,0.07209579806600858,-0.9130782240991657
93,0.9116182563420496,0.7204286408075873,-0.8770323920830475,0.5457043750673932,-0.18753106319980611
121,0.13503095548662108,0.9440021026733885,-0.6738468119027118,0.2684183469077454,-0.9699599822765991
316,0.593496036586793,0.9464105170614637,-0.17815163607510082,0.22982157721592406,-0.19372918698142644
127,0.6868811541172474,0.17272216493391318,-0.3520550236278857,0.1820600774676679,-0.16393900102701747
214,0.613887048557937,0.6617933399663123,-0.9556663556094996,0.4293651378209625,-0.6765644507480342
205,0.7673223096750532,0.45719040324890464,-0.25134642149108427,0.2943049414884859,-0.4286391365858729
205,0.5711084528491388,0.6253877828940103,-0.4278303285971237,0.4013386567984713,-0.7678650689543376
318,0.5803913194194431,0.9535460199670843,-0.509031292873415,0.7853545709226228,-0.5140639469949312
132,0.2120958060249472,0.7297238639363842,-0.5211195935172338,0.08966602056691225,-0.5314432127492751
205,0.3950704162195638,0.7236763534792375,-0.8052161631156731,0.8446270467764905,-0.6961276627285579
218,0.5176649419492197,0.7066175229354956,-0.8592525517325202,0.5652247971387364,-0.27506231644925355
166,0.3577737827064688,0.10394456833486959,-0.6607857401114364,0.8534845640979385,-0.10361374975532484
170,0.5764021554704111,0.6204168635774815,-0.7626441352638094,0.8660454371743549,-0.6483586828339288
144,0.9673007912205556,0.39131668673342795,-0.1982116669425677,0.34466564477085054,-0.055912997894870205
227,0.02971146212178228,0.08902159424362249,-0.10688213128603058,0.2253048324021561,-0.0559280445273393
211,0.05778303755685416,0.6761659198286192,-0.8916725532987528,0.32022125956473796,-0.4078629612116637
318,0.7859267886618352,0.6566592760821301,-0.4570854776329842,0.1186545878838729,-0.9416159324225997
116,0.6338127894154939,0.582708087381171,-0.7467311614112165,0.6831900246831245,-0.10284873652392063
304,0.5941314547704605,0.8799183502151131,-0.3752023602763344,0.2898457500415212,-0.07650145576099637
161,0.14211805431065877,0.7501373221939824,-0.541224941563639,0.6460698228649745,-0.4820689494998179
180,0.14251882456276982,0.4103433333677223,-0.4091566146662808,0.4958297455837473,-0.5944874159742246
98,0.207757054630146,0.10106814761641442,-0.8306234424789367,0.7879544160908284,-0.37968680869301935
113,0.3840048997897522,0.2967816799321921,-0.06410608447380955,0.6739445362692026,-0.7292827299814549
157,0.17488067764181642,0.6279442680122126,-0.4285570820722249,0.2867300721223032,-0.3467610194546547
184,0.4037147753757376,0.4755488420288539,-0.15291270019915032,0.30197580696716003,-0.9064879480366628
99,0.09082203196973121,0.4898766746434788,-0.7753125587845296,0.9258206221492654,-0.14080027218966956
151,0.017389296693039964,0.756386582512868,-0.7793424601481347,0.07747683738452676,-0.5041968208044219
186,0.8789043425371953,0.38727369722481425,-0.7157362180429382,0.01760672403014058,-0.7450475084005447
104,0.4432955468537329,0.7902940591023481,-0.8557416096806204,0.5695295119605743,-0.5128581707111093
196,0.13432678492431221,0.2831006004123025,-0.638228220488964,0.9769259701991596,-0.9478392102759439
134,0.4176033812982551,0.467900136547758,-0.3573231234283795,0.031044550796064115,-0.8760807092552696
179,0.22633215683169722,0.7092568276609599,-0.046508405625908696,0.07521516347368301,-0.9263899374851451
203,0.4472598992449936,0.8435341500128035,-0.4062236406478266,0.14277203277422695,-0.18270809686158768
171,0.6292442650473156,0.8541134864169513,-0.5168815320349774,0.8942316486338144,-0.3030384783167223
217,0.016132253313210616,0.11307810182936479,-0.026754889900666497,0.5845861915280277,-0.8890707301743643
184,0.7686747853507606,0.9205615386537119,-0.6602372310489579,0.2413676695250398,-0.9403956789333938
258,0.3086973951816307,0.9487114599342424,-0.8635035313382868,0.19161244271683348,-0.4891861976939335
206,0.244154488666754,0.4989604132249717,-0.3875280189804608,0.17794895027421925,-0.9331231993162405
255,0.7980631086253975,0.8695793977425758,-0.9789800133700025,0.20179130742217138,-0.20830672416930945
359,0.3656807664673209,0.8702484993634909,-0.15064174254279888,0.31731411570796714,-0.15953159813916468
101,0.0969569785687105,0.5161396195100928,-0.7983564124826079,0.09006458323601813,-0.38820339453809233
244,0.2623551949492427,0.773408141669694,-0.2812110414669186,0.46875648634184214,-0.6502338848290136
311,0.10499847271001311,0.11251162625422245,-0.4245692787561875,0.5181860161825573,-0.8556579533806092
183,0.8327031083502966,0.5988185542015582,-0.4148964037815929,0.9125506205807129,-0.39126256437719437
285,0.3446728979830707,0.9137293849721521,-0.5649189205375534,0.5169923353713038,-0.14165575023500282
228,0.9078328301160018,0.6432592323445497,-0.8080804244292845,0.29438412585345514,-0.9360197908324084
304,0.6816839337315697,0.6146730614028887,-0.67562721963468,0.6217340987088484,-0.4487156338273383
164,0.7928469944240439,0.7500438902680686,-0.12088224082379145,0.10679777200098012,-0.9879711017471438
318,0.42062158487326046,0.06904070379368937,-0.2070952563198421,0.9657986777578818,-0.07675350296658218
235,0.8945240410909213,0.7036975208041328,-0.6512325783660919,0.5910547067152325,-0.5210261758352583
235,0.18012574800698172,0.9575576826585361,-0.9114323571579882,0.42202356365612365,-0.5210849149141968
140,0.19303647035180466,0.3255886248086422,-0.7088553274749687,0.33369031218307005,-0.8171147627204628
139,0.437049814625418,0.43537239777111164,-0.5249373487310287,0.5850868415602782,-0.38497805993010775
346,0.5842740496925997,0.5759726515322907,-0.6679200261077571,0.8644376587906489,-0.2637267226106121
347,0.21876316774216392,0.16304110839013813,-0.059450357042098174,0.4875866681939766,-0.4170494842464096
188,0.5222377982887151,0.6880894492453526,-0.5385246060843931,0.7810081400901492,-0.8144306548078883
238,0.9770257206222381,0.32057700787020266,-0.80383730183158,0.41392194412394107,-0.5323528189582057
143,0.2961251783102154,0.5985188635393014,-0.6588298670281293,0.7541833308509869,-0.5720298831434112
193,0.1342991630128763,0.2597678204366222,-0.654421176324787,0.4506260790503584,-0.3249697013253043
164,0.755430111017301,0.6802800356552602,-0.29350845423943833,0.7048181265331931,-0.10959716802932945
253,0.4205309799292513,0.8595153139187602,-0.8431591437417615,0.623174568767181,-0.8771277510867267
159,0.3730447110947707,0.09464340782778607,-0.6952321217265451,0.3217706980074159,-0.4548138814085177
278,0.7600823454093053,0.6086105086607583,-0.6251357658434461,0.7043983833771318,-0.24131545258915993
102,0.4385147144625043,0.34590806006450564,-0.16236541730549675,0.31368545940990317,-0.38661503253658275
214,0.7974242090734546,0.09954112854513358,-0.21097645178783536,0.32852791243251683,-0.7716414071633878
101,0.5819289130639933,0.8202085852871831,-0.1291505543992471,0.5933150784346373,-0.0420220936384807
195,0.9174721558875709,0.3281746839872273,-0.7016817557871231,0.6507310303816765,-0.04102324266806318
173,0.1272064482628706,0.012606752273367222,-0.6288710098201538,0.2941515649746393,-0.22027116163972288
187,0.9010715531550183,0.7631341803084652,-0.09787082242805983,0.9010828146014366,-0.7620386585677349
135,0.2986951463300623,0.6722705984088917,-0.053310213600430596,0.7571466867419424,-0.06907640483882987
131,0.8154079793096216,0.08417291465156546,-0.5353520170472632,0.1936264095314631,-0.3699060301435661
228,0.5970517449800347,0.4275475545167369,-0.9239396540052646,0.6199656190815399,-0.615400348701442
150,0.8583530812657766,0.2527746529393115,-0.7452858305744781,0.46809576940387404,-0.4926859598151609
148,0.7125023548613889,0.37342736219239797,-0.02546725193999761,0.9403849386003471,-0.3848438042868088
137,0.21844246183586796,0.8355948021460492,-0.6790735852091352,0.519632962229976,-0.7711339656427542
186,0.8520697404622584,0.22361446631634146,-0.3175666147489922,0.01509494702858078,-0.8672615931749551
153,0.46991875713366144,0.37038021624100853,-0.1827198308981814,0.4692370523683151,-0.5715403303081389
218,0.9716147183360173,0.6366663869577205,-0.32582841594234474,0.6693973375895705,-0.012116744380995697
199,0.06478790820450592,0.8659502216710531,-0.288128393687542,0.4566398140255585,-0.3103428417230016
216,0.9761145189035066,0.23700434292476308,-0.46139220246523344,0.3243292815895576,-0.15919702052273982
238,0.4089810253264839,0.03710260649291592,-0.9230800346721078,0.7128574266094364,-0.9583922079684849
170,0.7881519440537254,0.2617934543401333,-0.8766190894319984,0.9559460273255376,-0.665545593679734
224,0.19346404192943262,0.569464928326587,-0.7691022880707206,0.8599778821090258,-0.9727160439215802
206,0.2939075513970065,0.09657212600024806,-0.9309658676733429,0.08533231325181029,-0.01784356768494661
137,0.7975955545741491,0.019007465361498062,-0.33680961555605454,0.36210349901302746,-0.3998164994876359
122,0.5199442779079505,0.7170609862579304,-0.2194600615280961,0.44398887510506896,-0.9141870382994757
218,0.9734242069646736,0.0099594791167606,-0.6294114430270829,0.5381872647207256,-0.27042523466381735
500,0.13779188614908872,0.06090325889383281,-0.9615161405491712,0.7922838322831584,-0.856518282069228
183,0.7662955481603999,0.29013745150368103,-0.6529383518007514,0.6723233920305783,-0.052829869915328294
118,0.15493857497756697,0.018404973763801742,-0.6190652123937518,0.2015163851465827,-0.36430945994658664
204,0.9175763622020691,0.22424334999691414,-0.46042065744662547,0.20053685243719327,-0.8201035504390388
226,0.7516102149259646,0.2910104597168239,-0.12200685034731024,0.6937938103811616,-0.35400056556810783
201,0.34610938448058587,0.19668593934357798,-0.9189964543158347,0.09905602574182343,-0.7136669044740634
134,0.9370769271562955,0.13373764624697765,-0.440873665589067,0.5474695087117794,-0.332822953257177
245,0.8109040613197855,0.6022084612502518,-0.3240811454492281,0.7843591850717052,-0.12756483392760626
190,0.5047112245374262,0.6147151808212454,-0.3294885612972133,0.4765596808982759,-0.3387855735099254
206,0.44140471354579586,0.024483994290908702,-0.7917704618872146,0.5999985357490423,-0.9987514198956715
137,0.5922968830214296,0.7110326569753913,-0.4355811965609551,0.7656975531435439,-0.48267748649935543
207,0.48443206306330494,0.442407381229002,-0.8061800510824925,0.3024896749509201,-0.45077082339761004
195,0.636939812996664,0.3631889454390537,-0.169229217850773,0.8512769452613073,-0.17798487431921067
134,0.6876673088542888,0.9167312034932792,-0.7271690191123924,0.5646986008423354,-0.41185337644209025
200,0.2392784885633435,0.6564784864026282,-0.4551378406491154,0.6760795792252815,-0.7988003061495483
170,0.12556965679133308,0.9547529566667782,-0.6487077428769094,0.03957593263870058,-0.4020875019591806
261,0.2095685955737993,0.04079337055781413,-0.9558355187669743,0.8786017297650317,-0.40540198829293955
232,0.71023583102684,0.33987636908711033,-0.9900053469756713,0.8223190082090912,-0.47458603845568464
177,0.1017896718655173,0.9727643329377309,-0.42262984835031464,0.8073464990240978,-0.09661920779071204
276,0.9304045992423475,0.5610783451894769,-0.17951306380957505,0.5207501839774069,-0.8971612092087494
212,0.7974794094859644,0.4262719074051103,-0.3465527813677917,0.8505038891619341,-0.46491185131368534
149,0.6681786702617611,0.4527815518852312,-0.9132923002112118,0.6006745324565033,-0.9968118484536979
209,0.07795878441125687,0.3076028495333321,-0.08256573156708774,0.34680546839664256,-0.9749457069043151
180,0.9748088054445188,0.3296470926417398,-0.7193306458122624,0.17713296049628696,-0.16028365393826188
231,0.7245052011131377,0.19651003958414442,-0.60015720648145,0.6761376466546776,-0.993125023652912
124,0.9919124737176526,0.7977785387052918,-0.0016852883167761176,0.13884164772260427,-0.11918987111104978
136,0.06652881849701947,0.8588821470127368,-0.16843759573026557,0.12908191751914394,-0.7509683290971556
242,0.40875683815331026,0.7713051932532147,-0.7644288311987951,0.039864340882716905,-0.7549044866693209
287,0.3166944185709151,0.31349561738462267,-0.7633320608252855,0.011395943309777173,-0.019418929616454368
169,0.9038265731910479,0.7019545194157009,-0.7949967963895717,0.8909939019939974,-0.9720112431577045
327,0.7011250734971173,0.6353789487965321,-0.14103106369008106,0.6691587520357926,-0.44733239221132387
223,0.4620467414191362,0.022818148371795806,-0.01754029047239198,0.10783446119185885,-0.022988568241588743
218,0.7273612093601948,0.22077400113878826,-0.16114455707463365,0.8176040475035751,-0.8217698239693312
213,0.6480908790327745,0.6529792491157026,-0.8852458044157501,0.9007171282066456,-0.6626338151056487
229,0.8007941314392332,0.5807541415867943,-0.573807662746129,0.6444064396673446,-0.3397605011456088
124,0.28965183181532433,0.6470380601580765,-0.27040203895804277,0.254012117120539,-0.8882051132417196
239,0.3731367979631747,0.35760729807988384,-0.5692179009879913,0.6373466378141558,-0.9434210573890887
210,0.3489896399546936,0.6960132897893133,-0.11449441522797205,0.972910090861026,-0.8282404682117857
257,0.408548906369082,0.7335904030581216,-0.5907863510271181,0.2859615445590589,-0.9183926175873478
157,0.3812213825698944,0.8898967337084779,-0.7281448345011188,0.6612466241025328,-0.7054735905993785
95,0.9118383353048662,0.6172112986407554,-0.3524187832765961,0.6342118320874964,-0.048274408246464624
155,0.06653708810736642,0.5867130046399335,-0.7707627153707299,0.7244779230543918,-0.17131028129854992
59,0.7593809410035011,0.4175211272474703,-0.4977012544748471,0.8517254995295975,-0.3670031686736768
184,0.1117872941108195,0.25082308814670123,-0.6089372378425568,0.8106448722878792,-0.7231818585081387
228,0.9908237594434166,0.14985718325964376,-0.6683575165519132,0.35827465676787923,-0.8719933860258517
241,0.9237949144775304,0.0300748883849496,-0.5456023228598069,0.4553771264685716,-0.2321052290928874
123,0.8951775299325719,0.43303884219905503,-0.8888149773687605,0.7214194484661826,-0.8214777106850917
244,0.01952225820818882,0.6460339289631903,-0.7517022423573221,0.9841017450728424,-0.764429610992526
294,0.6986023110981808,0.3422893633696406,-0.5537246986516617,0.270431785334379,-0.5111578700714776
219,0.14222615359342888,0.8358380828525711,-0.11944804409860105,0.04817258199810954,-0.14563994980384315
199,0.9262082024760376,0.3563602142447148,-0.059618236229472994,0.6785447579891482,-0.7324087839599679
250,0.5614348122510722,0.27324957364450014,-0.5203894417247364,0.08728908795305373,-0.9299404813794899
218,0.7628218732935772,0.891825314489061,-0.3374641119863396,0.2862376519202335,-0.6844127560313864
239,0.4395834466839024,0.2283909052821938,-0.49965589684560024,0.7771185937327503,-0.2800150911873592
205,0.12732122932043394,0.34076381240388115,-0.5097480325384557,0.6247635557797422,-0.6263973693180898
179,0.419175184208925,0.5217364039424841,-0.5051995967056498,0.35038446074317714,-0.47782424076569935
186,0.05435651971023598,0.6366664203824913,-0.35700943508898136,0.9836821567353953,-0.39740278055116723
230,0.5192443767145899,0.8626029994361,-0.651175380986058,0.9868773447110036,-0.4586599142621873
156,0.15171783889456342,0.26210631809035506,-0.6808081538089463,0.30912678002427335,-0.436622605580362
146,0.9046650187585005,0.9131809556842853,-0.3893221392066449,0.12104793269425257,-0.5441605153183355
223,0.8800680578977016,0.2033638937773316,-0.3922873746114121,0.6593884729800411,-0.6473890714420902
174,0.31056981080216844,0.316732436228146,-0.5310920587727117,0.08633987528424042,-0.9309429702132809
210,0.6461477751289052,0.6527610512784885,-0.8403775198435911,0.6477422518506388,-0.355468882427639
136,0.6490534293667852,0.10675091062681102,-0.8741605221863361,0.5276314135065234,-0.03341354001149228
217,0.8759182030470934,0.5880471799184147,-0.5769176860317765,0.1139987717489242,-0.4137933711797493
261,0.20677626834419777,0.9595324942333261,-0.3658165790253058,0.1946165358525624,-0.3737744792377819
297,0.4585971266785673,0.6270127333575584,-0.19634323507552193,0.858888514931958,-0.8504765149876607
126,0.5485401626167381,0.4558005729668058,-0.736684463831358,0.2603317649832049,-0.8289774679790511
245,0.04745863658304545,0.49993661123625094,-0.7970162325304839,0.9000548694949276,-0.1975179106382589
86,0.7899765017052175,0.12091012838700593,-0.89348441591831,0.07411448895121814,-0.9812375350203757
156,0.4430152670557736,0.9159807130091243,-0.9047968839672762,0.944244648542179,-0.0796081033326213
158,0.8868968358673505,0.4640292794103528,-0.9294619692940269,0.0939754779424285,-0.4516899983722757
213,0.6463281676906159,0.663826212895083,-0.7452345336510096,0.7744696037241264,-0.7947404216643214
97,0.43245696402127004,0.4339645306993977,-0.3341704879285344,0.6897228472606086,-0.12994965544234044
228,0.5853547986140496,0.20143224599626147,-0.620084346315254,0.008820700572588719,-0.44279981040018074
156,0.6570550749299681,0.7555037311193668,-0.12708818388983817,0.05834896739583224,-0.42794174539373625
214,0.11923776670767344,0.3026362960624444,-0.8611448257269596,0.2627240508037543,-0.8199854568984639
230,0.7189249021890964,0.060960698277278964,-0.046811123498069325,0.8434760696659063,-0.19477018772992233
187,0.8011745494931432,0.16538665066287855,-0.6272003338077979,0.5303363450423418,-0.4139930397528712
185,0.36292016674869293,0.8458053505680362,-0.27214204195448205,0.3504658770174916,-0.9190476267654892
269,0.32002564530741867,0.7018000551987167,-0.35880750303981773,0.5632146061078654,-0.7286241837912777
331,0.8463717802184516,0.26676934274479497,-0.18426542291722164,0.8506688849394566,-0.8326329376547392
209,0.2872826153025027,0.05619978136869414,-0.39457143190519334,0.9632106442565403,-0.11131849255311094
202,0.9976080646000939,0.08066720820747736,-0.47946623452774867,0.17788816663035373,-0.6098353463367726
250,0.5357163411098264,0.09416188525343178,-0.4183331490000847,0.4977131217554472,-0.7305573573135626
179,0.026363742956744658,0.46053141223603583,-0.16673702349826108,0.14624720394343177,-0.451697827966375
271,0.7483726465733904,0.1118578068504717,-0.5893719467596703,0.992989246459222,-0.28283156957197814
161,0.4655917036345954,0.5938147697016518,-0.11947936402041365,0.7231955349681353,-0.45694572161798147
210,0.6441191340333746,0.09722952132809021,-0.40047871536994956,0.8476922044704566,-0.03468669104339734
287,0.4389840515584685,0.38978183490685,-0.4588161884391096,0.039400944986352,-0.6386792237734068
169,0.16433339994994794,0.8774979912657674,-0.20786926918166998,0.34394921077003476,-0.5111740837545845
108,0.4437828064184582,0.027327449489064133,-0.01939372882036789,0.3269233892769228,-0.6561278679645444
206,0.8933527190793616,0.5840362893382612,-0.6317936354243406,0.20630701165918125,-0.31788225813568255
385,0.46831642783396493,0.6409933529226961,-0.9566912025816903,0.5696362990046491,-0.0291224477449153
188,0.014888131450399527,0.306713333941599,-0.4898961854054175,0.2857864439230388,-0.4727642883912114
307,0.5603636432864932,0.05568932470034866,-0.4956260929584195,0.7997666449776752,-0.10285230067617485
155,0.37278482572577615,0.1745332944458829,-0.902558507415058,0.4221138069075315,-0.1725045838852008
111,0.7862721837845913,0.9764787200184559,-0.2696174493664573,0.559206835689851,-0.47356457162883664
234,0.0354466692075946,0.5449870974834233,-0.7094002532978331,0.8847038054372731,-0.02559342774505819
123,0.8102224367057186,0.45879852731213017,-0.36135287994737625,0.4945730215547452,-0.6918528758138028
204,0.23022660303337822,0.4963461122799698,-0.3207348484342661,0.8131447725981179,-0.5531417667406082
307,0.34472837695262687,0.3198150292569896,-0.3135211301843796,0.5046337766480076,-0.3769291139439344
242,0.641530018875696,0.4586423236903165,-0.7621206119463342,0.5998832828526733,-0.7444339456863908
230,0.3221354131128467,0.5995567157145182,-0.14007511320117833,0.3946259401244739,-0.028748719823596898
147,0.0818237210610781,0.9818941020345644,-0.5723720822860882,0.588747337472726,-0.9160738227780415
157,0.48535775508558604,0.3904314246400446,-0.9246540836638969,0.90414827035806,-0.7691685998392229
181,0.12885351804161488,0.2939800152401039,-0.7067952004270113,0.03823810075983831,-0.2732405341536928
139,0.9453772541727157,0.678261646136617,-0.459222957400191,0.0069441304113368515,-0.5106857694732538
196,0.8589371572860066,0.24328464836841907,-0.9523934543618203,0.3316357379117852,-0.8240775808283306
250,0.18219597649506897,0.08272747367853456,-0.6475047800637735,0.9782387962938669,-0.0020832284644747897
179,0.6321312821160766,0.3288197451089803,-0.057902498396588405,0.5485062862117985,-0.5217525426746188
224,0.6322309847964587,0.05887714510569459,-0.9972430629514483,0.28780089158235483,-0.2729763433126838
256,0.5404085977860705,0.9970588645851048,-0.7494097466703253,0.9638912331548671,-0.27453732198497866
203,0.8939052802057053,0.6860661687752339,-0.45371021222195124,0.5070897449679398,-0.9604071026767318
175,0.6078915113639882,0.01244418577314505,-0.6757933849111686,0.8601601529693342,-0.2967818032916189
220,0.25790720388304483,0.2913567097878072,-0.4132767019030396,0.17239336437716152,-0.19500493461933227
326,0.8289566925450571,0.09777925482179056,-0.6941859788042303,0.3481867224531027,-0.9004276617000598
169,0.6208577140399894,0.9492121829570086,-0.9075018293601343,0.6815478047569161,-0.32466877946782297
183,0.2950680989846222,0.879989522602287,-0.5541703339357488,0.15327070923527625,-0.42839758595559824
88,0.3406718202685067,0.1895480435545836,-0.400450330409062,0.5315679872739353,-0.011206992909237495
166,0.8470521948707229,0.4826137316349263,-0.21361281350940325,0.5593002145281724,-0.4915871369972176
170,0.5365754475884515,0.8062624513018997,-0.20825809863808414,0.44335468596391664,-0.7289959012942474
188,0.20186133725945749,0.4736113574620913,-0.6652231786906271,0.7823799625080644,-0.8271959856484227
210,0.10252043023145402,0.46580791718653897,-0.37196424002406087,0.5357354029744379,-0.5817165900244232
187,0.3504712136911839,0.7284846346739994,-0.17051131748376253,0.9010214350501756,-0.9878020208731071
262,0.993729557490368,0.300842875076997,-0.6120254054871327,0.7757363034346163,-0.6189482577264472
124,0.16833647192407158,0.6052962265400574,-0.2893313388482322,0.37059826579101424,-0.19106844337458245
62,0.4445263429252923,0.9713080287172003,-0.3135792932278511,0.46958433730979715,-0.54231805580702
93,0.7868279194315841,0.47901565335370616,-0.6143256583526152,0.9398437117955901,-0.20557190336603887
286,0.7918126749526679,0.871321116671076,-0.9614078323303783,0.7970402980092652,-0.2326274789283614
181,0.9614559074853262,0.5549764691452551,-0.9290946650765247,0.1395576106836542,-0.268359891456773
113,0.7010289650600704,0.5451140005211172,-0.01676579649775551,0.010930582855289422,-0.8746254704057809
276,0.7617389831089041,0.21042291259947593,-0.8187354677244613,0.17937356045033997,-0.07702985531090284
195,0.3367652087777773,0.6920126642956571,-0.43701536315459494,0.30796463127842216,-0.4027260185346931
104,0.6727169618359926,0.2126465392483115,-0.9865566942499129,0.146516242442214,-0.6790342589187784
257,0.4831172479415074,0.8354714796664533,-0.24369195952543493,0.8630140052833146,-0.41495362663358
225,0.11687417840365572,0.6736614988509974,-0.5394458369574703,0.5081787108392123,-0.10234146524580584
224,0.7222484731747207,0.2038332715583398,-0.1836995763615778,0.6470224856143731,-0.807841280867413
239,0.4082938165413292,0.7444669867362254,-0.8678349768039901,0.5618236151082892,-0.2964412419444275
300,0.5244031572015463,0.22333484113819518,-0.36839469972049016,0.4117827067209308,-0.9541318803832769
153,0.8719985088838366,0.8745519860985056,-0.9888895629659973,0.21883450981323344,-0.046009189125427015
261,0.8179227464312381,0.3125777088536659,-0.1610944798830209,0.31923956401763526,-0.8882960239847563
173,0.8875592774522805,0.09038178233275856,-0.07097532135890466,0.2381191752967527,-0.09950467856805462
326,0.20086819277653428,0.1510249799713495,-0.6878883513080307,0.768180199995346,-0.3705529880878891
272,0.7372136343790435,0.634275944721183,-0.49430290883603273,0.21721789354730697,-0.6428591753651357
342,0.1620016650410026,0.983981502691567,-0.42051921140220777,0.8796817643552912,-0.8848691150416423
214,0.598087688524116,0.48456388405955014,-0.11069831902336885,0.5970522561888589,-0.21863005761814597
225,0.3116057531089315,0.7380055167017675,-0.9026316133619277,0.15017834282209636,-0.18503668671952284
186,0.7619568791675034,0.6095434295753509,-0.18161254977980462,0.01863715546933959,-0.22108998961951615
162,0.8235189364054881,0.12194853855682125,-0.019088947193608492,0.9762626695636765,-0.35825536607473146
111,0.09371761640460868,0.23004258635786673,-0.837807569333471,0.2899743429615333,-0.6183544937344857
203,0.7785706974398418,0.5511166624738689,-0.2276870196012199,0.0602745106117742,-0.028627574562883625
147,0.9539186887559811,0.1448995547816621,-0.30979785196724513,0.26117438254648623,-0.6976138270835632
103,0.42415706050323515,0.6798042249554616,-0.9469186729227649,0.28538184108048253,-0.10273715242245113
184,0.8669793007118363,0.155155507253593,-0.8213813154087767,0.1759695694327475,-0.48573947600985207
245,0.1509870038933671,0.7882089859063218,-0.21407122878376744,0.12139901597317676,-0.7732357452353943
198,0.3738901574978622,0.47905102395041316,-0.06886982077564524,0.7566571078043242,-0.3550224594187051
225,0.19015224096908595,0.9241604370837273,-0.7645940615456585,0.30929667617224493,-0.5794646470152897
136,0.9781681347099135,0.5320072942694395,-0.9784701446229733,0.9037524518542208,-0.9257335063656494
177,0.18385281796373193,0.9319700289906481,-0.634208428651799,0.7476546551042289,-0.49006773074407056
180,0.2916544096601437,0.632758177662235,-0.7493335867139006,0.5459644935997785,-0.16986200572458893
257,0.24170324012002414,0.6469548717670637,-0.12562255065117128,0.6457316819616281,-0.8629051509745498
143,0.280572407974137,0.7459056701219766,-0.5588752878640229,0.7833770017047176,-0.0032074910871192127
174,0.30002217781598234,0.13483866545897188,-0.7160631335196315,0.04603714339485538,-0.9720842939437984
151,0.4733867082228476,0.7677512861962043,-0.19197885229113448,0.027912216686263376,-0.22850139060368496
202,0.32047614032334243,0.9034541383909999,-0.99236678277774,0.3880811732707639,-0.6184367289604921
192,0.6448398655106337,0.6697850827263143,-0.9216835887007493,0.6893645064198805,-0.5160931321281428
89,0.4416306685186638,0.2062533003512646,-0.597443231790999,0.47126169400897516,-0.28426059580180857
327,0.5626301407266209,0.9242949118382341,-0.33406863572549844,0.9897496642380887,-0.9397322759500575
366,0.805211502802563,0.5424867642732208,-0.14400177799891184,0.7686625913242083,-0.809724797228755
246,0.05519438954326323,0.5189170335171004,-0.2755865624905974,0.4487719270107275,-0.1350309463425749
227,0.6691724437731585,0.09008233658461456,-0.11512742740580467,0.7880474664949944,-0.689213486797549
223,0.8147648613412873,0.8194371980982567,-0.4814733912203684,0.28234204156059567,-0.3323379622180653
139,0.17110358068566128,0.38989790659761864,-0.5213260566739093,0.017828968583804068,-0.6714348326717439
89,0.8261902179186238,0.9387449978483422,-0.6966131379359309,0.5358864863740934,-0.7021604571503632
174,0.8753241097502457,0.14293556452645745,-0.9428859304550443,0.8336883060141758,-0.3358000153864888
167,0.14899100075388466,0.8186459361287208,-0.656024504920874,0.9543986415108533,-0.7112224319510102
184,0.010536353876456744,0.4471953788148069,-0.05579601774494498,0.6783516044014576,-0.9759980946930238
259,0.47091846925601294,0.2124713173028217,-0.284756032318155,0.9196465787376779,-0.545162789476562
206,0.14565072088837988,0.353158404800933,-0.6481269729800214,0.41846483935314555,-0.2945793239227071
157,0.5921961509869171,0.2804465160813237,-0.9933370089061863,0.8876483377083467,-0.3372902470421358
118,0.3509241709588676,0.8745824002808911,-0.888942353344525,0.28733411599008135,-0.772561504790978
265,0.9400563693508847,0.7650624185374824,-0.27507490577244326,0.5905526968601956,-0.6323914063020538
181,0.6196179246422836,0.8756609049179419,-0.448815797392303,0.45242905505876435,-0.8765704006400953
231,0.7056807114837995,0.21684153720868055,-0.69857850685803,0.35865150720530153,-0.5941211154612525
287,0.27981962683046496,0.8410487374499659,-0.3033655791313901,0.417022128351545,-0.581917000265491
178,0.04587708690985887,0.586627301122239,-0.2792094196394768,0.630746333154601,-0.2709039579405543
166,0.1828733777934471,0.8993358831620681,-0.32047708270600445,0.044319894050437965,-0.6805263091954424
191,0.508565365506511,0.6117056453351594,-0.506137812321368,0.49297775890007495,-0.3085836972486056
466,0.8181151428857789,0.5439196811382988,-0.25779760861559425,0.5512230942059121,-0.4931193363745226
258,0.8863137194589311,0.8006641215274318,-0.5998380198065221,0.684099257180025,-0.8314343568878498
145,0.9555495536158184,0.9116720373334799,-0.6275056375093854,0.881844074089787,-0.47898498194795164
237,0.7408067027486884,0.7950132223746045,-0.9338729319600289,0.2737665265625853,-0.5028849315112299
154,0.5690786073135551,0.8262374696178103,-0.1462547185292426,0.16565336564957472,-0.7256657668583173
140,0.9913983432063396,0.3614579762531515,-0.7334692523835056,0.33256869993861676,-0.6728212087294689
182,0.33137936926169204,0.8792692046741641,-0.6336740155508863,0.6722835702700836,-0.874645919670422
153,0.0440986806107499,0.9826706016412615,-0.873595137913882,0.6192281890195378,-0.8721528226769498
162,0.9141274956449209,0.8525772687587936,-0.28509687855516525,0.6783803071909149,-0.9955250939247767
158,0.7278729053044547,0.7799527684146267,-0.7560541994455688,0.19073907827355802,-0.033134879706263894
179,0.2687047772237627,0.723314376948541,-0.08364045364995726,0.7983674155364152,-0.6361602797865871
142,0.780539014195889,0.4598887781036117,-0.21667210263985676,0.05243109336638447,-0.7045023594778732
171,0.42566042411441646,0.2423759626388466,-0.671846927860119,0.64062970006342,-0.45396709653857087
196,0.21749617788141834,0.8487081698555836,-0.2712599452143714,0.4923843643131011,-0.15572206052469645
153,0.6369978204358416,0.7356794501484475,-0.5404237634760544,0.6265720367608381,-0.7562123294774908
219,0.7567911060982659,0.9104462005970613,-0.2771096234607113,0.6517597613284942,-0.7896351748801512
161,0.7229284068418695,0.9045788175246486,-0.7559127527696646,0.648579185205167,-0.05505830203333668
192,0.6505462255081376,0.5640929499509325,-0.9928461443471651,0.5610491911097962,-0.3256136342553461
193,0.681302559712103,0.25415192221718247,-0.31322658330804604,0.09349121797600274,-0.5648078885920398
170,0.07557406949068318,0.07485588697401985,-0.7441983573541503,0.29171828642347003,-0.09737589482181147
292,0.20884290432147673,0.5683853519214352,-0.3138939362724134,0.9733612738511807,-0.9508533463281083
230,0.4082460470337222,0.8276538325305951,-0.8304372158568416,0.8310614055933888,-0.8052179604103159
205,0.08204543024633265,0.9944128066224024,-0.6156520011796491,0.2906429399345925,-0.6769755397498737
150,0.696664420773938,0.25736455805468644,-0.772787982494272,0.6612920151995454,-0.6491492157589149
273,0.9937812041922506,0.6621025483554308,-0.030944156973664323,0.8293499158525709,-0.912725484387284
119,0.8463150549806613,0.04863906395847801,-0.5520858095391303,0.01605212634156878,-0.8779479286731005
111,0.6589503747520511,0.9217262421119364,-0.05627278497373773,0.7690570657102627,-0.1566246434958904
221,0.05619481985629388,0.19487597722300137,-0.6014783580676657,0.18086985582641885,-0.05325330928568057
242,0.836864030737698,0.7555900889455203,-0.054699349632835355,0.5299068991363739,-0.8329441815413235
261,0.9365768710090655,0.4659441540325709,-0.7073729665657893,0.6089740292768813,-0.3344074169590207
212,0.49533487562607575,0.43690783516412196,-0.6816766871018392,0.19221463385030063,-0.03709394741873157
182,0.2658871166345195,0.45030454065968045,-0.7774935413698262,0.7287682117355279,-0.6288870125737895
184,0.11584440453397221,0.25150864623675223,-0.609570329695655,0.5151155236238966,-0.07252131831911363
143,0.21452944814005365,0.8602870056847556,-0.5113937660560903,0.14077230424416015,-0.767988784929379
340,0.14285099564611453,0.9489897971931346,-0.5665247565344562,0.7793856683751925,-0.25396283954805127
110,0.9929579677733809,0.7985294017969714,-0.6617307905101227,0.03468722107318551,-0.904239546901312
74,0.6736606234312874,0.386559068860938,-0.7367385266718375,0.37763082267129183,-0.7895117474393765
251,0.6380109517969476,0.3362079737256974,-0.8128271220104362,0.5242769002199743,-0.985209682919002
152,0.6067755806668924,0.6111026239607185,-0.375824613714193,0.7011392747013571,-0.11698731655058797
264,0.10678714696306318,0.03503309384461512,-0.3884540200000968,0.699968310256425,-0.5405531220834356
292,0.8828704960665328,0.8861268829052347,-0.3589815961727277,0.5606270218004498,-0.4063682449281409
125,0.02557093852971299,0.01853046104850404,-0.09839128178698703,0.36554874040965996,-0.6808443551334639
148,0.008242421489755796,0.10644478402991603,-0.4115338268222441,0.21477624475340734,-0.6755610740847008
274,0.5700402817877924,0.255473256091899,-0.8613268730590457,0.06331175391914129,-0.4069205086579785
132,0.41859786940654214,0.804222631088444,-0.15949550458519463,0.3559243155812816,-0.05561467212338229
147,0.7128826983526532,0.8292054196588158,-0.7213374715345786,0.33682661520435325,-0.2788806771442484
276,0.17234793546607502,0.8878131447355505,-0.39877285121189193,0.8596610838813403,-0.7158912537398814
158,0.8497892303732206,0.9288496763810434,-0.6809576684795493,0.5456516792263739,-0.6096810004802485
173,0.03628648454503942,0.17533589169918345,-0.21016807447403169,0.19072924347312165,-0.18001527586380334
193,0.9415101574243453,0.9880034463183714,-0.18323570297080632,0.5733855105046782,-0.49756114949444524
229,0.8998518396352227,0.19701880052857285,-0.6663416231052022,0.47090665595611997,-0.6681178959504523
131,0.3282746759961023,0.0175929088874422,-0.11885495969706966,0.6791751606264862,-0.7656298333975509
139,0.11247083636602134,0.10579669043224921,-0.8872986995901162,0.9580234955416734,-0.45658224711665657
168,0.27656777684425854,0.5143063993115549,-0.34615876119439054,0.5810313055775244,-0.7602423772000229
147,0.3452323064565526,0.5196141044619893,-0.4318967477085494,0.11459140035271659,-0.3978947696313508
150,0.8033075874012705,0.9848153472429204,-0.37866892024958115,0.7530107977325748,-0.6998579516942851
237,0.8249366632599444,0.8394649739667954,-0.37154743771700854,0.31848857472667286,-0.863177695260889
126,0.03829025698641337,0.7972898772242917,-0.9064711510145647,0.32162081017674876,-0.04353427197589705
127,0.7451450351689024,0.865708648350346,-0.6140617014826667,0.2986658435067819,-0.7094884969570213
303,0.1849072828467228,0.7721287866400977,-0.41782025799656547,0.8919018548848316,-0.046889950140480426
322,0.623059095359366,0.14604528974046432,-0.9439361579852455,0.4809545839481096,-0.012129942096304419
102,0.3272536210957195,0.24807685353419257,-0.3217824933169469,0.980909736906774,-0.13015670918430294
178,0.7188741539371092,0.40925337945048196,-0.9619053778983193,0.9709311185882621,-0.3962418865234794
374,0.9176254817073421,0.7308475178181034,-0.541095143413665,0.42421731166132465,-0.9378902711116694
210,0.06976939656213393,0.10005015461403827,-0.3610131430877536,0.9537134442353637,-0.8371987331932361
150,0.7239673954818845,0.1499818929999593,-0.6492251374225736,0.4161963290885458,-0.5161779081151172
168,0.49615239361793745,0.5660233390063305,-0.31663913086899603,0.8789494461302715,-0.8392865175287672
361,0.4871074370730866,0.04505938878171984,-0.8225111040422399,0.5919440392103127,-0.06705882978343075
210,0.22351593846724777,0.9444127049623725,-0.819832001256544,0.1506378639709703,-0.3383873841574104
190,0.1507828233677972,0.08175428497543785,-0.42606840330957757,0.43064103789245706,-0.41077542696726305
246,0.7177663825292998,0.5446315249423108,-0.5010459319217049,0.8364724531847612,-0.4766786878631862
126,0.6047929565737483,0.3969615799449287,-0.16273525597291078,0.00784161872659223,-0.9469392023976549
227,0.4717490845695343,0.26497519482067305,-0.4071843185847291,0.5338995895319101,-0.3635143354412263
181,0.6975397395044506,0.703767830115047,-0.8027827762348962,0.8268079167262673,-0.3613872535978561
331,0.9006529299492004,0.765257686866828,-0.6690699190457987,0.3169502774395128,-0.9426717011062761
224,0.3062609127775959,0.49302199223221205,-0.44656301641024426,0.7737310359197399,-0.08521340589866716
114,0.12687329396402575,0.14055655010112128,-0.46756511644989746,0.17918159420871188,-0.3361204125555352
183,0.43210042270438426,0.2683935693781307,-0.6240191236172614,0.6538866266454829,-0.03809697013668562
243,0.2617301881234509,0.30737732062693585,-0.9411581524665862,0.576910767979776,-0.3106270154521518
161,0.24657372897996227,0.5939409369005412,-0.8284419430532883,0.8389271453306834,-0.14465978915361083
169,0.15127434630623088,0.2780294508699121,-0.020638606438471548,0.259630440105814,-0.4262025455238743
164,0.34289590544088305,0.9433312955240647,-0.04456968105175347,0.1812187150689249,-0.6183233590267995
144,0.3534973932188166,0.7206278909489319,-0.8003608467843791,0.20047445636702593,-0.6631049998717844
137,0.9300782793287664,0.3720521643337756,-0.6437517550476102,0.9991139356644374,-0.8833012192358961
237,0.08994346002914272,0.3928128117450787,-0.2115114000763118,0.9613969873686202,-0.9034280338369702
309,0.592836499227278,0.9204645237841482,-0.565229026909911,0.9051650716941267,-0.026361919511246952
190,0.879475743107223,0.11205094207386873,-0.02986011067520395,0.550997986087947,-0.15896618782322786
119,0.472472773503184,0.25671628273952235,-0.8195284132583283,0.9135008246885391,-0.8133730230312752
343,0.657383760273615,0.2524132051637957,-0.785909027466648,0.7664646003401473,-0.311898512032126
204,0.20241458569934007,0.32284250986198976,-0.07757468214940982,0.3270163690642481,-0.0020517292974373044
258,0.12885178307778394,0.40829991502497526,-0.9345115016606869,0.11681480547806294,-0.869852007928638
217,0.7595494855000672,0.9214233114475212,-0.9405465401153178,0.6518870524662121,-0.0655911886014407
225,0.4498993480467072,0.8641244767432819,-0.7473907036280862,0.8675659333728917,-0.6611957914449098
295,0.12455532257496144,0.11868239649070894,-0.6170388105508218,0.3265616867930338,-0.5988178532450518
125,0.697224020692026,0.08300560673725393,-0.20714664495545348,0.14526875827187363,-0.9172036550346703
109,0.5398756402804166,0.7157358582751698,-0.31515096283196403,0.5733006635237337,-0.899303153966703
292,0.9350306392888141,0.2577221423029445,-0.675026470790908,0.7153412716317344,-0.04035657015894207
195,0.42474588705251376,0.6038231692478909,-0.04024387544739045,0.6990951398206525,-0.2435664286910722
148,0.5441426180645231,0.43734232868595174,-0.07479939793951057,0.27271259958547894,-0.8560164064549757
256,0.06777579990540566,0.650867702794795,-0.4799549323103001,0.7841671116790708,-0.6594551297706688
228,0.2068139914848433,0.18996471996112402,-0.6574999156316998,0.3394919877226746,-0.9295867844929229
269,0.9372020977899909,0.5228524473255576,-0.7654267175705899,0.8230536937570945,-0.9293852596382649
185,0.9781706307441904,0.7259394260851387,-0.29068161170619494,0.07787048138094538,-0.8228162539132895
205,0.39833088281880596,0.009607432244426567,-0.5834988435588805,0.026502063229907287,-0.7479111080496367
142,0.9887077539068231,0.8799420656893466,-0.433388567701081,0.13353512731723755,-0.008940403012201064
195,0.3313064320912425,0.5641661376877044,-0.043877012172691084,0.4811444346034311,-0.45673053754917553
264,0.8564849417126184,0.030634813783307187,-0.12464962397291451,0.6119389147245408,-0.6928842299086052
213,0.327710522633561,0.7694599807171865,-0.9961902987616894,0.6054117864790001,-0.34951096236146123
367,0.015440765525095384,0.572785846295134,-0.11741326126057489,0.2468666546952732,-0.4438514847154365
165,0.992278936830159,0.7855099544465753,-0.9656679040437054,0.5697323575122821,-0.889755451238244
184,0.13857342242159826,0.8011681262470928,-0.7480651602962267,0.9910288732643905,-0.3755431056541311
256,0.2700068261546806,0.8022937135970702,-0.3073223082062561,0.8802237008493138,-0.23235545400763263
380,0.23070341420636659,0.3239850581442593,-0.8387367552588423,0.588191576607638,-0.46432279866122067
170,0.49601883309686173,0.5040911069786782,-0.5445576590244444,0.7994249883265533,-0.5516643912638801
206,0.9423746671749041,0.40476320167109087,-0.30837017916114023,0.07502683127117421,-0.4163606005503579
357,0.06583952908129137,0.24444454478350447,-0.5896934777753166,0.9148584571513594,-0.9271590996647677
310,0.19951567693049815,0.8975255126765361,-0.7199311724770671,0.7109818214832725,-0.5477375937371937
82,0.740280808435391,0.31913694289316935,-0.7747932578740605,0.5142034416761956,-0.9464519202791853
211,0.4162448377813866,0.855650540095511,-0.5443574718792694,0.1016797861099818,-0.27141132061887646
199,0.8283537456742375,0.5181420999123553,-0.4383304560941394,0.11059458360815483,-0.9821118265677684
157,0.7522701893343622,0.07829850237485186,-0.8840223405804616,0.5244738789995502,-0.6646760904593197
187,0.9828272242494674,0.2248175733595456,-0.5066482345422512,0.43711383064861903,-0.9641129019342356
189,0.06142623894157546,0.13093289387237556,-0.005034359964586071,0.895685927526372,-0.9712798819239221
214,0.4488331577449656,0.22828812639149437,-0.8220394249607411,0.028164801327625284,-0.7875430135141032
138,0.1518629085522773,0.012701327384897326,-0.5920589959913579,0.8528192925166006,-0.8527814249475211
122,0.13192332549354163,0.21773674012698824,-0.34787844127910056,0.48744706848543223,-0.6023864004196544
180,0.6172301979647224,0.12079755550600396,-0.8031400328235765,0.9297988528559589,-0.4012758726155428
186,0.30700320118637353,0.5580301922122327,-0.22498987925821295,0.14616343253766922,-0.6687825829513908
189,0.005987547929141196,0.4110779189125063,-0.18494297650998642,0.35035352965360506,-0.8456345805263836
287,0.6355197967564945,0.40573640936997507,-0.5648812695252556,0.8074992510126112,-0.22032295383875805
138,0.2549369515831584,0.30893143473438617,-0.35879127505869995,0.07842993757064848,-0.08937065269027972
285,0.06020037631057546,0.8422385762141341,-0.9002607147851412,0.9990321564962599,-0.5559654915417724
196,0.7335846426876654,0.5716249575207797,-0.2307965120269923,0.17254956902673063,-0.6017616125371206
337,0.22269293637253257,0.3835476910422186,-0.13019515488285133,0.786418279228468,-0.027440590538270256
169,0.6164533755108386,0.7330961023372435,-0.7693957854809721,0.3739601776188248,-0.21465511297547973
118,0.12093499306358274,0.709908256845826,-0.30825538161489735,0.9904314203247797,-0.5561274592036988
121,0.6375993486400104,0.21761532792904864,-0.16293081410788907,0.10007466940317872,-0.3533101307914008
177,0.5643897322461411,0.5558610895907127,-0.6420781238650426,0.17430740982805498,-0.10696253815235096
154,0.18005922447098227,0.6361715448038646,-0.27888584166981617,0.45194915127229746,-0.526656697323909
145,0.5739767601537198,0.5546712928969894,-0.9701184491203441,0.18659312137841016,-0.17579160125541754
163,0.5356168468776977,0.07826722193831231,-0.7335201048754416,0.5174699960795909,-0.22459699706166375
233,0.6402514315160656,0.15967742825565395,-0.8272551647395513,0.3416696397714924,-0.7726052302300122
223,0.5381109673511041,0.4845792726576,-0.8124893686349612,0.6536552997061312,-0.9996425640039203
108,0.8319437756140563,0.11702001256022215,-0.02976421117680767,0.559289843604361,-0.7713466971398166
254,0.45560797795337243,0.9883138764869902,-0.8043736905124665,0.7583242602586703,-0.5576423034353208
180,0.22426585898964962,0.9653401243994488,-0.7295263511772415,0.3574412344405206,-0.4656124466947739
245,0.4303619861414763,0.703846299908523,-0.6926696188552565,0.942758676122498,-0.33607536291481105
218,0.2824773293481246,0.6425045463244656,-0.7878523946732608,0.469344523757728,-0.03986987083209654
297,0.11593184519179639,0.03230530793718462,-0.3487381037440174,0.8454146084009009,-0.8249693038253895
213,0.43422544352905773,0.01943860547369764,-0.48477876982315943,0.8332769861701993,-0.7122074455105151
154,0.7915962506719655,0.5601740450002297,-0.45752860408820134,0.8879034558923942,-0.8796769613089853
139,0.5404361595793592,0.4170827520689007,-0.3470248169581898,0.6591438218921585,-0.004647922699211831
152,0.7769059378831181,0.9169003109701777,-0.046850192915927354,0.5771389812362816,-0.4093641382766539
174,0.7284440314162057,0.33281155924814926,-0.7870470255513043,0.4124133002411437,-0.881362033676544
136,0.6435625194109973,0.10222696746398824,-0.16488344978611308,0.9636538780107023,-0.10109430722016993
189,0.6851457261402302,0.47396484818995427,-0.2899412957467791,0.6564071841021129,-0.9975026489094226
181,0.575669202125816,0.31788322393652396,-0.5230011274289376,0.24066604308966327,-0.5859523814925994
118,0.0779126806866825,0.1131676760110038,-0.7606188548014953,0.3683497667136883,-0.6087576743912094
134,0.38873417775856295,0.9689574464036298,-0.6833888664120716,0.32968494422195843,-0.5779512218383032
181,0.035589467202891197,0.9157082879915732,-1.315184642868891E-4,0.2815031935884856,-0.5941279261151484
247,0.6367262113489301,0.4183664907363534,-0.09316045640135612,0.9675802799026981,-0.7538650308965502
178,0.2930507884524631,0.9943812202567494,-0.9697833037597278,0.021753834749998764,-0.7850403346160253
239,0.9472099134569276,0.16713550536705796,-0.24649344015938907,0.06150406845928986,-0.3061081585730588
151,0.5955305331192448,0.600983720045259,-0.8304046999336391,0.8968932672905403,-0.31899701170994127
197,0.08747610723880622,0.23061715542138123,-0.8697484058032846,0.8894013513546273,-0.33292889289173183
219,0.64143569875303,0.7233077658189514,-0.7206716766390547,0.5834069338324479,-0.9449477092308641
230,0.21810861005147192,0.6263528390861551,-0.9756808441181175,0.5257282042350224,-0.25024201655549666
236,0.285903828580271,0.9073457697296552,-0.8245363452734221,0.13982203652785813,-0.2030005874381266
170,0.6011928858030462,0.5761710980549273,-0.2039334246237789,0.7982085866186868,-0.7652317319905497
266,0.9563703135021981,0.9300056455853409,-0.6387413360805093,0.5866749862324551,-0.7386134926000444
303,0.5431014814223332,0.44962246596266714,-0.16636141616126737,0.21891597149775516,-0.2693961649460644
137,0.47342063872329293,0.899507019014879,-0.10517754866414691,0.13816321057632447,-0.9498276491648526
266,0.23933836297207384,0.7873764266023583,-0.7358714273639206,0.9717026361629981,-0.7420759497484268
139,0.40587489888920864,0.9285369325260113,-0.7408058204199082,0.2848999241729622,-0.9173304577212296
141,0.2022632188917282,0.2942973517760285,-0.8729439476722981,0.9211822306161243,-0.9369408108502182
220,0.1021783133502761,0.5070278387994024,-0.3544090993296222,0.6243679462517893,-0.5462023734914826
151,0.17075296804835022,0.2882328670313303,-0.7695920063984266,0.18238831313752474,-0.11374876038039178
324,0.9676659908277822,0.9730610630047839,-0.8621148959316576,0.25727281505731653,-0.9232800716344319
254,0.48121328230933974,0.24088169204719584,-0.7290309644250894,0.45429794083786773,-0.31442210690808453
151,0.9391703385523497,0.24599804469066694,-0.03308874355038711,0.9337527295273331,-0.6364426736901616
161,0.3071834841507623,0.21337172762851447,-0.29177596778348464,0.6771639977589222,-0.9327008589837444
315,0.4379115192839988,0.02772328453129575,-0.34684039097833436,0.9911638814365865,-0.736213533107046
144,0.5135570222185869,0.8364117625657301,-0.9943455224345239,0.6787055833618157,-0.43506799945991864
217,0.0549428534927024,0.6062012064398364,-0.1111172923353399,0.6009022536107449,-0.8734063741266151
207,0.012771012369369566,0.13124653873531994,-0.7124575500834168,0.08645444137560115,-0.7301397642631345
201,0.4900279760297434,0.8988795691947106,-0.3644251022418666,0.389547933289038,-0.09979537862018223
224,0.9239260982679358,0.734433150892549,-0.5319106667923923,0.6148564530794912,-0.10525778274016778
117,0.6772456097420066,0.4684159226685643,-0.11297499260184757,0.15175168890882612,-0.7557438205342669
139,0.8195368849516615,0.7510817344771854,-0.3207241541853402,0.8011257660950851,-0.43170806253201816
213,0.8945124051444254,0.5244876481563212,-0.07460374906872541,0.9890782803056252,-0.6262971637394054
284,0.2744560070469168,0.4952040395768114,-0.787168114493833,0.7315030079697942,-0.6410510362499349
166,0.9783768375562906,0.8159229049506548,-0.22135675009177574,0.7289527544567386,-0.16547635601007887
230,0.5115672937533712,0.21285294719099085,-0.5197745845322098,0.34077236126400684,-0.279830564337425
132,0.5117777252088239,0.31803408725568977,-0.13050607576495105,0.16752645188849474,-0.5605559639196972
176,0.4513280731005857,0.6576050324833135,-0.86513531194562,0.5070558103555967,-0.32191128829458665
267,0.18602295467392388,0.5599501827691259,-0.026461139804538188,0.38441572022904963,-0.9302721249111026
162,0.027512713991532607,0.18554926727078774,-0.1332372848114745,0.6285676585971454,-0.7484788927999211
161,0.07718734703110458,0.7231557262828514,-0.6821042535431916,0.7687183072199314,-0.17258806317615522
272,0.41804211246248507,0.14833780905111688,-0.48236526785665806,0.33984117461537827,-0.6650481185748548
161,0.6427458713127626,0.5107036020510546,-0.2594644542199748,0.22545972325063085,-0.25139204767917095
161,0.3741813494888114,0.5311941379720557,-0.458437255953642,0.885721890158324,-0.7105156741544981
165,0.11096101226550675,0.5501528034791046,-0.12136820873595783,0.3787621982675005,-0.842975712621449
175,0.20837517682484757,0.4543465101054897,-0.907386823380728,0.759072555794415,-0.10134124340082001
308,0.08087184149507715,0.3937929752494747,-0.5059382895891009,0.10979214194525638,-0.7611305522884233
142,0.14342020156094876,0.7305783898157244,-0.28234124506572905,0.06269155173169677,-0.04844500965438687
260,0.5053504518007659,0.23688056314172384,-0.29584374457369095,0.9492781637775449,-0.9061205183381327
104,0.634520598278938,0.7509971285178125,-0.9964676017696334,0.6705745721693425,-0.26759839362297105
111,0.42738777142463075,0.33627908815363144,-0.45844474838632393,0.2495769249066459,-0.3026768286244444
180,0.28014171777588,0.6113852295339578,-0.772198685126373,0.33463697625323946,-0.4863091877959325
189,0.4674605204824536,0.904044861027185,-0.8089701051433877,0.5815014388884587,-0.22368455490649936
117,0.9446909628846996,0.35140214791807206,-0.080955708140038,0.059775870483390676,-0.919938448172959
72,0.9075521153699121,0.42723016342336323,-0.7372709073282464,0.906141250314798,-0.2606745552866386
437,0.46126716161432463,0.17036369297101356,-0.0054351129424956065,0.20522579537012636,-0.6636369994999357
211,0.5283168800331866,0.958716535974206,-0.3233056391690499,0.0595477304790722,-0.27401570363556577
116,0.579507349766216,0.42137855898072113,-0.7681201309221326,0.16921304367125128,-0.41938017941155886
158,0.07627919026527313,0.7945911693820956,-0.6842400845848523,0.334408404148749,-0.4123589839817123
125,0.8135233315579429,0.4384338221688289,-0.9121445029421965,0.1857320706332572,-0.3717613012345195
223,0.2672594260861196,0.03991821273242752,-0.4869304612335101,0.1517915837444001,-0.26308139388972346
82,0.24778664129173772,0.8898795995151343,-0.6793245497067257,0.6687648518158535,-0.84325587515305
208,0.67295756439971,0.13333249012782206,-0.8167641403337923,0.26993418671167385,-0.817002055909529
235,0.7224415646951985,0.40108281446446664,-0.56856484697732,0.8454816466603525,-0.4284893078068503
364,0.2454658405102344,0.2964264705417477,-0.2136485006835665,0.7862234958190042,-0.3884107691460766
163,0.7698771659459515,0.87634196592943,-0.7675322271326969,0.7440619022547621,-0.03485832429697617
143,0.868213990633004,0.7692595158112159,-0.8177778165795736,0.5414629082624308,-0.21549816697855367
224,0.16557376128707407,0.9561386274619529,-0.10121179617563286,0.2650467672636821,-0.8790219311749815
257,0.3933869183719508,0.3394711498985214,-0.5642109807741068,0.9488149360474412,-0.919772063272336
182,0.5204828523305632,0.7542413511416952,-0.1305548486701959,0.3419944261928088,-0.31876871161288894
210,0.5502370066826949,0.14852807880481528,-0.03192263735118545,0.8382087995704709,-0.7722739085186359
280,0.3398527573522164,0.7669836836331996,-0.9388828359940617,0.5651937151459057,-0.07918284408971948
283,0.7541017046154803,0.7218028255341958,-0.398636320268212,0.5533354194116759,-0.1987887033080406
178,0.8429542167851366,0.17425139329595624,-0.16712146093602925,0.03196621099658432,-0.18060195179816801
147,0.7836247461458906,0.10482510916186921,-0.4393239999924334,0.26360649154854193,-0.7583078060347903
171,0.346189533864484,0.6514980411793614,-0.7835346693001869,0.23243955399211652,-0.7414326157745079
185,0.04807724545278797,0.45963841676259115,-0.2988020789813673,0.5867287478940773,-0.004423920629152039
208,0.5033143205717128,0.9807522951320536,-0.5097580863632198,0.06752069910321684,-0.9374451716842654
290,0.46532401539396034,0.3743375634939298,-0.9855323270886187,0.06606471422865651,-0.9468962901185933
105,0.3438131920708167,0.8354976703661702,-0.46107480890428326,0.41617498839375605,-0.20480624443328083
228,0.9945437512424615,0.9352841330704027,-0.9958370201616368,0.5460706267044816,-0.9822403915508657
166,0.10482627557715446,0.9720369111692156,-0.4116324609043916,0.2651902029384678,-0.30905387105976284
311,0.5000785829165927,0.6030472939150255,-0.9596755198755861,0.8522951797144668,-0.07290510611252615
313,0.8925237736230962,0.9941606081367039,-0.7593977511062386,0.23266226641406568,-0.026827602246300382
390,0.7006733568747514,0.4957735392595893,-0.6784418959425664,0.5512929805114715,-0.9925681494375015
247,0.392698662067744,0.8774139393879314,-0.16393270996085735,0.2558973390929658,-0.8399097851895894
229,0.5219065664023609,0.5215530414492935,-0.8325958451827608,0.6600786637507124,-0.6915959467053246
253,0.16294234013361159,0.5059097467459183,-0.46353523401080227,0.3778184714313842,-0.4886174211377227
225,0.7119764125306425,0.1966484375534187,-0.1061201560016734,0.5422753580968912,-0.2961900277881398
156,0.5435634573560463,0.7535090719617219,-0.6760122302857561,0.5089632235882315,-0.31853292210508416
169,0.2984784328201708,0.04953509842928123,-0.5927220789482708,0.49486848837843883,-0.164719671787864
205,0.31300650435178984,0.7504478859121835,-0.05657882958920852,0.023546288838566083,-0.7538260880570576
139,0.5058064266864247,0.43004834480387094,-0.4054005000981133,0.6495667690828335,-0.46588115960438775
115,0.8556507256415041,0.2374168074971134,-0.5624480409019108,0.2797539700092662,-0.6929800840085765
202,0.47186794137028193,0.8351421650284909,-0.1496534650189783,0.31842156967655283,-0.29942006261933624
150,0.6033736886873686,0.5961171759433275,-0.9700725496088886,0.05147579318765811,-0.22768645163560414
149,0.30459094079908516,0.6225643016760123,-0.7874852908016402,0.16491643509632753,-0.7881151139306954
181,0.7331232707987816,0.7359570025006319,-0.9493229023303567,0.2892235819311379,-0.49025039464423464
222,0.21200132373607344,0.1339942116275868,-0.8139087787411433,0.017685323744999266,-0.3695920365614381
203,0.755058761371015,0.4414815590961482,-0.8388619811158661,0.16333189304175716,-0.12439590232340353
244,0.08638245486548451,0.7908510260573021,-0.1923601974963794,0.5309551025147579,-0.701476003136621
188,0.49182334626141994,0.6781419917721188,-0.7364563655386771,0.5070879966673171,-0.41235819168724724
177,0.6882299696877588,0.9881585144126069,-0.2060205421830364,0.5784585971410676,-0.8596914357868725
171,0.6395462634615884,0.30200769530155186,-0.9429254372934265,0.29874495479904545,-0.3692008625578434
322,0.5775498082033295,0.5017812037950923,-0.03725204012387968,0.4187833906579724,-0.5067924204123757
258,0.3037227070108259,0.4120614016591167,-0.23297351544902273,0.8800911036617576,-0.6031220801602195
175,0.9998045908127354,0.37737118335803194,-0.19913099819168706,0.540883380002366,-0.2875935505629728
174,0.6347818601098734,0.4649456909197442,-0.9025022208752339,0.08917179629721522,-0.7359710188012812
132,0.8259072977438181,0.6989640606750609,-0.8264232685913461,0.2678868448044857,-0.17873560449244857
219,0.5436562862936136,0.187743495765977,-0.9205145004483878,0.2228010096893221,-0.05725842338943261
249,0.34763006884672804,0.38293956035458826,-0.6564725605523539,0.8226132188218196,-0.8859505693289722
172,0.8798618093845822,0.17398867091002695,-0.7328712487975263,0.7806977145367582,-0.5517150689060939
249,0.6723051245639471,0.9287402158457432,-0.36464335795238384,0.6247126082959453,-0.609600986423359
81,0.9044590459899006,0.9341537764739763,-0.591551767223199,0.7706002122518837,-0.7771566266516889
209,0.7775314031679955,0.4291755708926606,-0.7885926968143326,0.1605433454328769,-0.7505984119781094
131,0.21690281373218218,0.6500154796674803,-0.561423226886468,0.16884032192038728,-0.386402956105319
119,0.064681347687017,0.7263030494258413,-0.7082784580784126,0.23440522839034977,-0.023218476390253158
193,0.905414145768132,0.21134220188477254,-0.2596961881696532,0.08301121701445274,-0.5727520070162675
201,0.7793632485632668,0.34787366398885405,-0.9249092740915388,0.7432767580308944,-0.299915816906606
181,0.820489092893786,0.5051983768692208,-0.6622081777505142,0.6050782850274546,-0.8896245846247011
322,0.6908023774416875,0.3063864507373208,-0.7857929808405538,0.11461465436582524,-0.6104136446025362
169,0.833960335131229,0.7978531640137371,-0.044537201750162465,0.08022441352102988,-0.8462021506360363
213,0.38664691475686347,0.3482617710325335,-0.3701591391837504,0.08403911374366474,-0.530639778640444
209,0.3832576560435483,0.26498378669571937,-0.9719290826137811,0.057679474783943925,-0.33502830008999923
158,0.8443950562070986,0.2429978964363259,-0.8235573234715704,0.7709523410241372,-0.6571686386564538
148,0.7318947417776096,0.8588629441918412,-0.6954762954223332,0.9966727721583509,-0.3056106211897333
139,0.18802006886702866,0.9680168641058045,-0.798529129217829,0.8175447508817372,-0.6034929315116148
159,0.2505962868228602,0.2759305263697553,-0.916391996608142,0.5385044410201268,-0.48914689118943017
126,0.7841005787420038,0.5189642652598669,-0.3232085774842028,0.300586170457704,-0.5626079328169591
154,0.7648469896011659,0.5321113962716669,-0.5371769011020514,0.942723450531523,-0.3108318428466596
142,0.8346362177530059,0.7303514763498475,-0.3267357117473311,0.8943552902569805,-0.746080469445541
127,0.07809341635780581,0.7471167662090453,-0.19771143399859864,0.9428129201606155,-0.13313303732898435
294,0.09565651331376007,0.17859762492463543,-0.3534118349725058,0.37362869929572734,-0.17616068655966216
412,0.19758916282875277,0.06654603611333981,-0.3936683409375045,0.5790337074910893,-0.4694294958472825
120,0.20675241036972597,0.537841293804928,-0.00204512652503514,0.592560830437172,-0.32086498370827327
129,0.4222928197059271,0.04880361756849189,-0.1701091066051384,0.49070236319450905,-0.9340896475613836
150,0.724940174077942,0.8255768043008369,-0.3417216032522386,0.9813873091340607,-0.8217281683524972
208,0.23778553599772695,0.3526984459205929,-0.4788050534258294,0.12784466757639862,-0.17214997833573825
230,0.38809535502141396,0.7955780405499132,-0.9422037467489328,0.8691532714237115,-0.17263005046883279
189,0.16847010767407705,0.6742694836369084,-0.5659335647525564,0.5066594093183303,-0.38709519701695433
299,0.412982612559146,0.3731797678848851,-0.38134442919238826,0.39620900566564693,-0.22141128662897774
217,0.2070747076923169,0.794164159445371,-0.3276965410227843,0.5714633202604432,-0.9848116444837346
234,0.9881975477429653,0.8743959694795765,-0.7714734482926433,0.832250255080404,-0.04269424490436264
237,0.8485620750645875,0.4592060500218514,-0.6235665496195915,0.22780633861537797,-0.2296879269576198
133,0.23379003014217853,0.775290820246336,-0.3029552503629404,0.9995663556231326,-0.28232939068153057
210,0.8509161353894338,0.986158947456856,-0.5868877441342818,0.4204093955966974,-0.19729958150639298
218,0.15074662218269236,0.7993342353761835,-0.3104447933119066,0.5303670755408045,-0.9162392848307456
178,0.708044331659577,0.7477934264572055,-0.11517189910243902,0.6917766476748011,-0.067486810605275
193,0.8117846197006612,0.944145932561358,-0.40332167830890625,0.5031957409294419,-0.3672887244063033
209,0.10742204123183435,0.5899762251427012,-0.8804834008007811,0.8721805780683575,-0.3703943686682473
204,0.7900925559806421,0.9791616524860779,-0.6970261521297045,0.8262234040355864,-0.6544671879210859
198,0.842466002143104,0.19554838839444993,-0.37478075215102175,0.5217547401856281,-0.9427914245572171
146,0.5779046551515137,0.6945682118058283,-0.7703417838109101,0.6125123920421994,-0.23353494068123454
191,0.32043463147950596,0.12127108139300019,-0.025073888229751047,0.5263160244562354,-0.4174531344338402
238,0.2084094978028153,0.3797043338638469,-0.24198445162916155,0.8501101509820725,-0.15490334631019315
154,0.8425152582923914,0.8062663398237809,-0.18599715853698878,0.5990671563869556,-0.2274167386499148
163,0.1118797116897125,0.34448472404358593,-0.5982029634838227,0.36219142819918754,-0.2935510296219272
276,0.7033976798992221,0.10544920914680228,-0.5782344937313489,0.07241451818733208,-0.6104992685964297
207,0.2626095181244595,0.7868805935054788,-0.35463901131101155,0.41163129522452796,-0.5810135969436848
122,0.16090280759055559,0.6138539750724825,-0.3036460600835708,0.19281342805423335,-0.5266830906262927
178,0.21292284095473674,0.5478054322013473,-0.7467203333576464,0.19071757970623143,-0.22783831541305605
270,0.8381107674373981,0.19503917679685573,-0.07353386627754593,0.5249906712679966,-0.9090672288221218
136,0.6729583055489171,0.7047619949145969,-0.8127871134507293,0.7886745707910936,-0.9064049173108096
146,0.84501456130761,0.13957644730669655,-0.4549756146914556,0.10137702632481255,-0.2433954561393163
136,0.8420597136928463,0.03828294881801415,-0.06551535137651582,0.3138710489626852,-0.261844727926348
144,0.1262431468281024,0.39177934276526055,-0.31940130089322144,0.6425281850728719,-0.17518705676758867
157,0.8944434522690666,0.989642822697686,-0.49566600332086314,0.5087536793541235,-0.1292314681133146
244,0.3661994228546995,0.3812192758505137,-0.8935642309391387,0.752257764363982,-0.06881037904988035
180,0.4865391426374908,0.22176215880611144,-0.6765465583506938,0.10653005765734985,-0.6076814016130694
182,0.40152368222316265,0.47025131669415515,-0.8198670726433742,0.1378170431449967,-0.1591828554298224
195,0.20729807350483836,0.533015085163768,-0.4497329110811033,0.09040377289045948,-0.029028444521190085
247,0.01972132807136346,0.6228916604656111,-0.9628721210274338,0.0045190482499731285,-0.9420029658010302
162,0.8102481314665848,0.9692668573022444,-0.4876058614131002,0.007835842186436242,-0.665994901129779
266,0.35681212527980405,0.06024392163059828,-0.712103596173511,0.16263696870001237,-0.6184984458000814
206,0.32468388101079876,0.1745097733045577,-0.8142713557985628,0.22110160895888648,-0.2610485810833248
209,0.7688193728939625,0.7926749293531099,-0.6664162328645329,0.6022446599665763,-0.9497102155768916
237,0.6737793469621499,0.534660217711381,-0.6947454717511504,0.9266788318048723,-0.5843392725183902
114,0.04279597976934663,0.6116331153678308,-0.6088594393228327,0.3320763812180228,-0.5655521493549731
426,0.8633895082224772,0.5502787566502573,-0.6973078678995297,0.5132199343811125,-0.9122769783473174
165,0.46198353247672713,0.44004544268434526,-0.9378360434466945,0.8377514683256154,-0.22564132553558908
118,0.733776773847655,0.24815435364811506,-0.923202404602982,0.2426296466479761,-0.6756180760910864
115,0.4538466747013972,0.6384147923755891,-0.3832925096109711,0.24225313394922549,-0.4306622659137331
141,0.47750119374671324,0.7629571029673881,-0.5620508227643091,0.800815267261169,-0.3786521769313433
227,0.06446788253333074,0.6559791600314543,-0.15665761391501482,0.9999058370394043,-0.15140927064683135
190,0.8634111443106597,0.5207342968674868,-0.9542383111432643,0.2718519880875219,-0.01364391194965881
226,0.13160737008719675,0.2176288701147467,-0.2393723302418222,0.029928987435549566,-0.8723732179573245
166,0.31535476476950247,0.5962578939086796,-0.060038828287001085,0.9175875489679615,-0.5646224447753494
146,0.9132268883203626,0.41587031096658417,-0.4643513031099777,0.6057434727985548,-0.060652713607270155
248,0.5743133979560411,0.7345993730460697,-0.689414797629278,0.4981991292223697,-0.2425890041872099
208,0.7881739201071132,0.7042650269222733,-0.37293570288744077,0.023487187602883992,-0.07005212034519498
213,0.7266793880895766,0.4904172992496591,-0.529413018363235,0.030138337175256665,-0.9540179729276002
203,0.02887497273042878,0.8888742944283807,-0.6003186195149507,0.2426933760542867,-0.20358032072952997
206,0.4650214460409993,0.7910155232342607,-0.11417533170177135,0.9566091942656378,-0.26307702792302884
182,0.17826971955426157,0.014841442757524697,-0.1466441599285611,0.9419684519562371,-0.5924139517645766
150,0.8196948632942576,0.6441204650610127,-0.5652042419295209,0.8906941991279712,-0.0553212451295217
131,0.19893267920444296,0.2270104846585997,-0.2987318974686148,0.0840587925412854,-0.941084704004737
148,0.4719713365964244,0.4395099136106127,-0.5392068424323125,0.8990790220555466,-0.9898929036588832
296,0.8336043013942462,0.6301999105769773,-0.9765054986407272,0.412337731616553,-0.35067287578623535
282,0.5470261545409815,0.4142038367729593,-0.16325236924754366,0.8197505074312084,-0.08476971858289056
161,0.8835382117142019,0.223338182112999,-0.7646903440096944,0.7820091408144391,-0.005736484212239773
266,0.35629124155024866,0.02112914701414898,-0.3209051481203807,0.27291006962412384,-0.814764252656447
230,0.8126439953601071,0.6721621256262856,-0.05828569185181127,0.7948800304952465,-0.7163064525913295
273,0.48465024710389176,0.6463427191638281,-0.9403520302041,0.8316298908912361,-0.517325622601409
194,0.9879656282918928,0.01074464244720214,-0.3819440904282025,0.49018861325095525,-0.19138351913901758
457,0.42313256280718653,0.9235208560240821,-0.5913707930562315,0.5965839572184365,-0.7523940106968641
130,0.3153129348659199,0.019043403651255515,-0.649051792474117,0.4326010676244801,-0.6109581396486429
58,0.35969168952257397,0.6880977779307431,-0.8404448183083066,0.07473903106617924,-0.3084005607295141
237,0.19570619363746017,0.6613612833300895,-0.5944782059481186,0.222149008448921,-0.013744063611289941
172,0.9399995934171107,0.8668877883828503,-0.2637121801020971,0.5305395734584919,-0.49890110731049825
154,0.8646810233236188,0.44162166104344786,-0.862250452282378,0.4727340733679392,-0.25979295686559806
186,0.6807356233491947,0.6101075483215247,-0.5501558405850512,0.6733461291157474,-0.16832277297168302
111,0.8615331282880027,0.14135030404938737,-0.8505363768818789,0.6121650553333186,-0.721296909940071
166,0.09651541181285933,0.11740275254473237,-0.7200357587714953,0.8082874927833634,-0.7890519445092693
226,0.76648488299917,0.16401146357138158,-0.8341403881700972,0.3469314488349094,-0.3396600137951568
249,0.5284273722709215,0.5918783685209963,-0.5666974310949345,0.12899068738993907,-0.25688757852078553
167,0.425883686999381,0.5767809788962797,-0.600203951053536,0.41159337142094293,-0.5289356236804589
174,0.6302879852918407,0.8584611396134749,-0.13735359582458778,0.21771135832538363,-0.5021424844362172
270,0.7223668942358954,0.0829936615758255,-0.6750616843590724,0.8414460375485854,-0.44970470212714314
305,0.6744804397511386,0.5155375156152057,-0.4871410136345931,0.6671761532804334,-0.056932533281387095
500,0.930057096142129,0.19354085009594973,-0.5964587925120339,0.7267863720157132,-0.09626776579551982
199,0.43201816946003685,0.2401879346231947,-0.3607407915485839,0.003070418105556477,-0.9361171122138331
247,0.7940060560940806,0.11470355855965902,-0.8309386073352147,0.4395836391553641,-0.1846124777057791
106,0.7138157130477452,0.55407863202119,-0.6202834027123374,0.29878541284961063,-0.9837304208263241
225,0.4861405015052838,0.6077042443677915,-0.16463733096139394,0.08367505450613905,-0.0781044618763505
124,0.5377158832989521,0.07390376427357664,-0.5934265703738025,0.3951309169327604,-0.5454868236822649
135,0.39285440895098495,0.779181771450521,-0.34857667471917225,0.27593443797306133,-0.5994550542767141
154,0.8174060565062148,0.9400434575756855,-0.4608112481403605,0.9056973105115003,-0.4910949925745108
78,0.48623966108383027,0.36250661466914164,-0.6765524878334874,0.8894854947955608,-0.03659956050042163
242,0.9168697101397314,0.7407951728873721,-0.940104273950898,0.9700187906902049,-0.22083638312420079
230,0.6039805492930093,0.18114323085895695,-0.06272886613772372,0.605368772561072,-0.5201493703439166
227,0.04250277522627228,0.1562473126809107,-0.9101934004669493,0.35637281033930707,-0.045445712382523214
165,0.9225044121227477,0.7340499981426113,-0.1930390118587731,0.753655942433822,-0.12266145255242139
186,0.37263932911767744,0.6428219087428004,-0.012597529230537424,0.18679922278198818,-0.8761859961263923
133,0.9425619412708519,0.9994218387505955,-0.9035699742321167,0.15950739768523253,-0.974827859252719
142,0.8722711083666059,0.5020700504915565,-0.379707624239962,0.5097169635149142,-0.355679387460107
175,0.4326039281354063,0.860091324766971,-0.12249108522290514,0.42787251597488823,-0.7086751911470736
142,0.6836187136511541,0.43893411207996463,-0.3861207653041258,0.7594536359657248,-0.7052001614165314
197,0.587856175858537,0.9578995099703186,-0.3601318542981103,0.13935486707287065,-0.9989586589678349
262,0.7984642030339503,0.35699847662935474,-0.06823489651382336,0.9743129737430527,-0.669548213329472
237,0.5847199729345475,0.18474222826897008,-0.7829956450372373,0.8292434238944273,-0.5852360099378136
74,0.8364434180549761,0.3809608261694614,-0.6797244396723121,0.4808383879632004,-0.9682124974666839
188,0.24202062455908752,0.5173301035108873,-0.6284168592865297,0.875009845959999,-0.20084267199054412
145,0.3086160936805323,0.48751973356853945,-0.7709308136329883,0.6551634093189532,-0.7763453062407722
212,0.4717910927704179,0.056634807064155974,-0.9519547751603884,0.7209829683553678,-0.4215101447603657
215,0.8244921895244857,0.2910706476534611,-0.42611649752696507,0.7343729933116608,-0.5792623028123557
235,0.019938888440469822,0.2003199519186603,-0.12232040387491433,0.3718432769304137,-0.7641537629861976
203,0.593336169270986,0.424129949809721,-0.5446102246102982,0.4413624572770484,-0.5910500036129559
124,0.8966542971549588,0.06908534918401582,-0.8396284225260637,0.14157825307996724,-0.9320019650081232
142,0.020159966186004193,0.10649375908180109,-0.6939033209863481,0.20362073112016238,-0.07581483877763212
221,0.1912515019000715,0.04082894700144175,-0.8311579367711224,0.05726207615676044,-0.01047769968116658
283,0.649638603432432,0.2721359088444732,-0.43165798025841934,0.8656625135956703,-0.8366876612132766
183,0.29789517121189607,0.38801363112310144,-0.4318187970878768,0.5962630208355976,-0.5919215123547794
193,0.5666552033360652,0.45723480188291415,-0.629394849843821,0.2205879043857653,-0.7735640266157064
215,0.1670777374618227,0.13490679954260637,-0.46950539243329764,0.043152072248562164,-0.24734356894910797
121,0.22284265045643553,0.313091790178981,-0.2265050673825046,0.20068716169579853,-0.3895089823566164
139,0.09063107711636237,0.8768528410005011,-0.8119565490063045,0.35372471839386227,-0.7990098107316181
172,0.5800019127808361,0.43879370079262386,-0.6954704312367916,0.7804819966750575,-0.03469281702292288
113,0.8514536276944874,0.16098139358343894,-0.4832265595745318,0.12632091522415795,-0.38603203022789695
208,0.2024302941235357,0.40312710144880864,-0.9571857146278963,0.24658188664248798,-0.30569668385616583
213,0.2771165847869153,0.29741078078826727,-0.8941371642527537,0.9263223845520946,-0.09159383737260524
144,0.20290255588530842,0.5944519160240512,-0.40160297141262996,0.49383358589222187,-0.6101930675747921
79,0.36130152774068686,0.035867494308892196,-0.7499747010835509,0.5627380097223954,-0.7284820910379387
158,0.6663500382475032,0.4800861443484126,-0.34921845838750304,0.011182929675254532,-0.40865805054044185
190,0.018973972746761776,0.24162064491711038,-0.9761966775012242,0.9536943991220054,-0.4008067142950636
201,0.7093451436941605,0.13046953629847463,-0.741991219525583,0.6463005132101891,-0.9553233081608237
137,0.15878445503408972,0.5767653665326976,-0.24311981418361522,0.371095133031261,-0.39390828839170117
212,0.7536069504772729,0.4533128585499317,-0.04002972288184121,0.586323432452635,-0.5825639033212195
107,0.35601585538065733,0.7313453598156214,-0.655703032072133,0.2574868902213288,-0.33932334053122265
135,0.9223138701825245,0.5525787536299386,-0.3878508885390117,0.09213679423968918,-0.2620092561591311
254,0.8361882934866885,0.14987074407473805,-0.014966862549631149,0.5471881060204669,-0.0832793013866619
204,0.9365804126273856,0.3680797531586056,-0.7193654465837752,0.7826855106787837,-0.5906459467157046
175,0.4060409478189499,0.6118763152161868,-0.9417796878894991,0.7890351224077485,-0.20962508769099247
129,0.1766896768175133,0.23344734753593727,-0.9152673599290813,0.9192233077685025,-0.702968585409019
147,0.14601377241811314,0.8028192542940924,-0.5982949334697728,0.10284602307108931,-0.2635967913350363
179,0.06236292807458272,0.011072988622794105,-0.6846133364652109,0.5006457616795164,-0.3158657876266832
114,0.18564855354909499,0.9594941163745451,-0.8419671281797612,0.5521814940713661,-0.7517215303907562
136,0.9354033661081658,0.898325562521751,-0.991614243158153,0.6917208701002923,-0.03956806229506422
109,0.3777489539546193,0.30103931024340186,-0.324660307996216,0.28161193353935426,-0.3939542261589953
170,0.7365148507857745,0.054010195593999506,-0.5196837980655027,0.38585066526737805,-0.8069212456535484
263,0.6540302727100058,0.7244353045669332,-0.30586586318730674,0.35001590213376194,-0.6434215399536769
144,0.9491307388085805,0.6498785805537595,-0.49139309761087974,0.6008204349786963,-0.3088976937460772
272,0.8478324720001538,0.8171899748264778,-0.11357179938527046,0.6481043282262257,-0.5116427558365828
141,0.232981090935569,0.4193813291621085,-0.7320753325218683,0.0457976501010185,-0.40415589621045017
161,0.6998629724002584,0.7378354124942693,-0.16609524881024368,0.37717499501761736,-0.41565948089962707
159,0.5382953828119104,0.9432455489658329,-0.9664520961131796,0.03472970128623449,-0.7752729111709492
180,0.0906064412572975,0.7582110391112775,-0.9985595124982368,0.998966268557321,-0.3491114517344635
200,0.13051792582399618,0.7954673515975024,-0.21497593482742167,0.9874862554244247,-0.517790705724178
93,0.5658399145128888,0.024695763077458195,-0.6321399544043985,0.25843933049242546,-0.7510469502715731
213,0.17087168164770777,0.8686560308267386,-0.7558920966330529,0.9159486644267002,-0.7073526671495551
197,0.3155972713668817,0.3561146102137153,-0.024323157691137527,0.20053519565104688,-0.16137765123855202
213,0.29882951180083256,0.12720508568004324,-0.3397287956282297,0.47624369811271255,-0.3349971263835598
221,0.6360415570445029,0.08464743054279317,-0.9639461130226572,0.11971801768338358,-0.09573418011009321
100,0.010457159680107025,0.20147268489273135,-0.2875707258445775,0.6470515778650966,-0.8242878434078595
103,0.8302514465534027,0.1964990102791035,-0.1735595811807285,0.1218428761840083,-0.6085225616107883
310,0.6867145531420633,0.4651311210361874,-0.328717507767428,0.7121169045919387,-0.8426830800230831
198,0.5982615473288708,0.42826283293297246,-0.17966736028363645,0.6691128669493782,-0.1328293288013011
84,0.5163094097971879,0.9383189940927872,-0.7959662807365859,0.6556060310484462,-0.44279048472637333
184,0.4172927380926436,0.8128670152682365,-0.6627336490228639,0.8012818948760749,-0.35919597472746606
104,0.5998764301085262,0.7665513100932831,-0.30970201015407467,0.07276363362627741,-0.06946496939741748
167,0.736567480767358,0.18889153338300518,-0.035750974299028467,0.06360516394008314,-0.9400381493649024
175,0.4905200178963714,0.4529894879749053,-0.7602651167897432,0.33452463241591296,-0.4517417528901862
208,0.10215597925479797,0.8351824684866818,-0.28297013632870466,0.861251159001528,-0.5585935366169955
184,0.797650524904135,0.1112467825210654,-0.10986349821991631,0.6805630963403206,-0.3731497484046032
83,0.50878995735884,0.06847385631640529,-0.057592368836706216,0.5410097428732414,-0.5848503757742883
169,0.18722396103965416,0.9771288593140757,-0.8518875362382663,0.6360583249104844,-0.24193221695934325
178,0.3484919104346635,0.9477006883695746,-0.45540898784283074,0.9673199906395542,-0.9381585504606711
203,0.785754340539699,0.3184413899750372,-0.41129279349620734,0.21670634684688156,-0.9291534704238105
235,0.6192975839898878,0.22051207110505772,-0.09527612455755158,0.4071928205126271,-0.4975133273652222
229,0.22471993933380058,0.8382058071574964,-0.07226885204038619,0.6958046977860602,-0.6257552455607398
156,0.4785263846579802,0.0839593744907669,-0.31977992083502266,0.8169265208490956,-0.13429948258246033
142,0.1362681810123028,0.13241918579412443,-0.3593834761950266,0.7263155114353804,-0.31063362071539086
207,0.5093297089215673,0.924355724317909,-0.7314601861743849,0.9851513810215613,-0.20519721945662067
140,0.07360321724495617,0.7710962601756746,-0.05956382046885173,0.6375187345807308,-0.5951505786004428
226,0.030096662247227242,0.8659189729881708,-0.48061640103627873,0.7373528312116296,-0.729703904810964
166,0.5264046996773922,0.9810953030413767,-0.09156746063853355,0.13617991304133098,-0.1927146069954468
195,0.5553227765975003,0.062184079970940505,-0.8772494889503454,0.5554037115893437,-0.9101708878075516
180,0.8324893777075905,0.6596297095664844,-0.24704420141441114,0.14017714859117641,-0.4858216430473969
176,0.8334763068390153,0.27959208488333337,-0.9974435072771723,0.4736959118762531,-0.6333677851115042
301,0.45422805779629843,0.8050070496269262,-0.9360571852882649,0.34048616675087934,-0.7610369754840854
193,0.29007985346754767,0.4735455684626844,-0.056943572884206546,0.14624199600191984,-0.9504704745212315
125,0.8476342316796548,0.2607413224929141,-0.6663108801759194,0.43566210043550374,-0.7417270637632418
353,0.8186390682266566,0.9711040495002424,-0.8234377396561349,0.1547799021551997,-0.6742487670875277
377,0.2623345185328239,0.6036063071818053,-0.2187356440197295,0.9999589674422024,-0.35896272805202994
119,0.642297544385233,0.23203990569997962,-0.20383272215710474,0.2677495722232069,-0.39345790304338596
222,0.4837308591422688,0.8164121644902869,-0.7050432908533576,0.14859367057685718,-0.0060730328648555595
172,0.9474018308124675,0.34497743605413606,-0.17147113311017953,0.738431771395277,-0.698491182268635
209,0.17960801500310347,0.15139858129569,-0.711061315025868,0.6461172526478856,-0.2681203325602676
321,0.5268781677368998,0.7647062088281076,-0.2667554930789398,0.3250870588314228,-0.8808299002272933
289,0.010392260867219066,0.9673679078740466,-0.05186075823776277,0.789254701532497,-0.703509916997974
122,0.20492508892880928,0.8505357931945979,-0.21711635322175976,0.4572691670591374,-0.031458882927106475
153,0.5765159038010328,0.7983877533482217,-0.7528322113161275,0.28489065114686646,-0.2835752971308178
124,0.11161922061619106,0.5169060253678553,-0.5609198629834193,0.4944030687166762,-0.3680523361848285
222,0.13230415492826403,0.04754640429228602,-0.38997168981660574,0.766215606040733,-0.6229630902242216
289,0.2813390449245204,0.4526723175116784,-0.13510292460668943,0.9121255738874904,-0.8933519218792698
172,0.521011196384122,0.387449801335866,-0.9908794427236659,0.4526293887313842,-0.9177627184852005
137,0.7352861874176723,0.5539672698069485,-0.5865293190750346,0.29882664189080405,-0.5818589564281372
179,0.16075880134855164,0.6596332643495579,-0.13663827075999874,0.49718115905571386,-0.2615044064743027
223,0.4268018391214938,0.29983195062660634,-0.7088792369344837,0.49246469931879683,-0.2409716143967114
165,0.01996003166615496,0.09567313119643123,-0.48823764668202724,0.592580231386302,-0.6464208144368769
79,0.7577389838161357,0.08558152473095954,-0.9850440846349796,0.982350423733287,-0.8563673560663083
159,0.20025809771208175,0.40950317366260464,-0.6670857272665238,0.5647446778726413,-0.8468974763364411
86,0.9720862053267323,0.0249060023159225,-0.6523491037261256,0.7416122915516281,-0.5482378609516804
89,0.0351136911645415,0.4373665139696435,-0.6780656554475231,0.6911900828467284,-0.595115207020591
168,0.5846961126711093,0.39992362335682324,-0.40544715490884825,0.04601490271325743,-0.5015293058345656
225,0.0060998162084678394,0.811194558009421,-0.009336938375056952,0.8881496258311722,-0.019926258174504614
316,0.1718295130443755,0.9438404941533699,-0.3385152953458353,0.12936065944427183,-0.23435134263843233
229,0.47299663937044595,0.7533505058031443,-0.2625679815928667,0.34113780128711574,-0.45654569032320275
197,0.7278850565363831,0.10168916997255956,-0.31167327710148146,0.9836556860637826,-0.007046509639656645
228,0.35733814589197715,0.6640835591799003,-0.9505547313547308,0.5628227031585961,-0.1273432178673351
167,0.34887094466630136,0.6521106700141424,-0.8416769115527675,0.4454769116937494,-0.8010325903464137
187,0.8646836614744785,0.254311567679718,-0.6893935882839514,0.7817839418630205,-0.22667880142303337
166,0.0357409487377714,0.8617220633420883,-0.17739838044335304,0.3335771773896549,-0.19054688092984767
208,0.8842356677845947,0.6502129587521583,-0.8558254569586631,0.3563561222130845,-0.9522498438819876
147,0.7956395058102428,0.16081598678491565,-0.0679913446000387,0.6848733019509339,-0.24905909494358208
114,0.3742902724980605,0.08541273102409913,-0.27646564828403947,0.007767304062705599,-0.5518508927618542
182,0.16048013326323668,0.10563062754013536,-0.08567643860570245,0.6478681549439969,-0.8607308132679329
152,0.2903011921464898,0.5022700816002751,-0.26691954065655527,0.8427813149731057,-0.49094855043308844
245,0.5223444162666407,0.7620011737664198,-0.27362582013290154,0.8586743595997465,-0.009359943010029353
234,0.1041026763666631,0.9350183537733453,-0.4009219035990393,0.7327658437891015,-0.08933784798637662
229,0.9142891442555766,0.1947677441484475,-0.4784488526132619,0.8726754577425218,-0.6843603925999123
301,0.8162335167412226,0.8514972682770658,-0.5214158563073656,0.8063900297549315,-0.07378228734167352
118,0.7317597076626648,0.2669106905255862,-0.45038700226048706,0.6351416714319451,-0.44521761325242787
259,0.3996246935626709,0.422304649970312,-0.41882240898601947,0.8479791004924632,-0.3004898656647887
146,0.4105335345578542,0.685176748718616,-0.6847414411882072,0.9306041745237532,-0.7203791261318949
216,0.6065686836148227,0.7798576906900093,-0.21167829579934888,0.8520231468433489,-0.7222039080876278
193,0.8466831065067794,0.12123540509579528,-0.8956323549467553,0.090394211059104,-0.959664723030245
93,0.9994208908403884,0.8666919713431643,-0.13950753771235586,0.02367807587685717,-0.5183801293960582
113,0.7853050383495973,0.18858135423170747,-0.896402634593279,5.142073381657117E-4,-0.5151136828081876
203,0.3595539795960551,0.1720676069612757,-0.2885249311801145,0.12066123788668509,-0.13529449278129418
200,0.018688353861716363,0.16801190016315742,-0.7764295131470643,0.1310887985271439,-0.8759529804929278
107,0.42248657809122564,0.06644845210125677,-0.7419658010038053,0.26720722776740574,-0.9610188610105143
114,0.8502900932530307,0.20422459926875342,-0.45652576740354617,0.10033438370089992,-0.7394228150604403
136,0.2667493782930815,0.19064591871391817,-0.006031090299731206,0.6273154314545333,-0.10617608558312625
166,0.3055800353100377,0.5016864048071221,-0.6473454367436956,0.3397009565850933,-0.5490107067333271
150,0.9399770414644786,0.39447916293101487,-0.9902980004342944,0.5721131623475774,-0.5965352222984209
178,0.2398560885520316,0.041338520528048935,-0.6782371886263108,0.09511705952133548,-0.09182331246866432
137,0.7810828719376169,0.5809210061919764,-0.70175981757646,0.012630649538792732,-0.4822409232718023
322,0.1199976676831202,0.9359567646710846,-0.686910055074793,0.08777427145483568,-0.6120942080192441
128,0.8384797324295745,0.8562285687753269,-0.4813400049721838,0.2706127548256528,-0.40833099537072787
113,0.483416277241382,0.6092520688189718,-0.9203214612012384,0.17540780828310137,-0.5910364092750438
148,0.19056309573799773,0.05297300538159617,-0.6108143925978813,0.43027771394910846,-0.0028460690905549087
285,0.12290623391268635,0.09335765546602254,-0.8797138406478835,0.7634816708866312,-0.8653772091884359
229,0.44861482996377483,0.7477884269494878,-0.43973385272783966,0.33540308092227294,-0.6560621260680269
173,0.9585484066790247,0.4156226155529245,-0.31119331470047723,0.18010603216683602,-0.4370623621635393
209,0.3195795537497825,0.6837798474785624,-0.5224592017968327,0.8791250699254034,-0.47409848491543743
171,0.46324853774145364,0.016155728004116528,-0.4892626101735827,0.8670695989401144,-0.07201207192680598
194,0.5856012351337472,0.2017172693058032,-0.26421276259934373,0.6668544493113565,-0.1824051663424769
290,0.8610053982192127,0.5830015093719313,-0.3340155695924361,0.8733441414618214,-0.33180497868803066
175,0.9306963768602194,0.1353738538603772,-0.10465687025801323,0.5323442961130291,-0.7725823162923577
233,0.14882391434923042,0.49597259222328555,-0.9411268079227372,0.5412319762968574,-0.8422352151856968
172,0.6275264502950582,0.2137414484203341,-0.6235926851961271,0.3479165992422701,-0.6759173671963683
500,0.16467189509772145,0.06992203843285688,-0.46330121039601363,0.4265145548411177,-0.5184318294084332
264,0.5570730244561511,0.49360442122032616,-0.14472135553243887,0.515018042866413,-0.10835688823202988
226,0.3734975192768328,0.023655948310230053,-0.6665866998104001,0.8231876350870196,-0.857378147019275
169,0.4424104455999646,0.7054222574062949,-0.4019393331867203,0.9516079452136676,-0.0669012065352394
281,0.037682865405973605,0.5649236473960797,-0.1771269083936315,0.9044251152733855,-0.8230699267941355
360,0.5591216567679523,0.6971426232066916,-0.7833875059714103,0.13748346197902822,-0.8222804062172646
129,0.8221324805953505,0.3712696854197179,-0.5438891475310732,0.5312116247224404,-0.9131849119450898
204,0.7667551062483858,0.7960370827211224,-0.1996059983282566,0.24474564642782076,-0.906034906659959
230,0.33033598151900584,0.710403566380343,-0.9591237180240658,0.5086652501642732,-0.6631010098934726
233,0.16873688921995983,0.8476508668294318,-0.05495026846339474,0.8035572937823645,-0.7436906117640842
211,0.32717728885701164,0.3346760434059573,-0.3173951358488562,0.23059710204854517,-0.6456257210849572
215,0.43612260217213833,0.7313373481174892,-0.41031486936844613,0.046614708275732726,-0.6546325819818101
164,0.5560926854030797,0.40791307730239684,-0.3507011662557799,0.6916166741100039,-0.32323413296085707
175,0.16041117091683915,0.1695814517462027,-0.6877273308573505,0.6809538999744216,-0.7917006236624827
162,0.7596288926626901,0.08803448193407598,-0.774312093847278,0.16250096679827414,-0.34243521284099815
224,0.07238731235266832,0.8475092052626205,-0.11417983781815505,0.5725621006837609,-0.3007493452638507
198,0.2488772074964048,0.9574926764927828,-0.716498156730211,0.021144085440421963,-0.7936978217201391
320,0.5707747985976761,0.021855893744649198,-0.1669509747550842,0.7456206939190652,-0.06684457850090547
203,0.7021319687941819,0.9306429478433543,-0.514368242729728,0.36385374181212254,-0.9398935457085987
160,0.4426577522142598,0.5355778454741422,-0.15254644722744864,0.32004196587856143,-0.606947617741621
136,0.6980467260055361,0.690866364709769,-0.14484490459871785,0.8488527859004169,-0.11430782968325898
188,0.5765765056228677,0.15371631792007684,-0.5162963874046166,0.9923802454835317,-0.1495342570122486
212,0.2732631685080705,0.9418994297178696,-0.859701071393863,0.45748946144822183,-0.15690692313499227
191,0.7214663706360449,0.41465975864583887,-0.7827508764615928,0.4384263030807299,-0.5933931806238485
212,0.8368203169671237,0.5717923971327371,-0.8200579472457381,0.4139017990940144,-0.47383055691971837
256,0.2358471776081565,0.34332931406759365,-0.11460553119588185,0.44118165080511557,-0.6977643034416593
175,0.44958844327782693,0.2017627733080682,-0.8203955168428935,0.7488792596144676,-0.7272336368895288
161,0.3106766097265648,0.8218815147396337,-0.24937587046124526,0.563935084754275,-0.5640506991264119
166,0.4906177141621481,0.9565942386625532,-0.2746800280749983,0.9997124455608526,-0.27597655939065807
211,0.2979654378772833,0.660261570380674,-0.13096652484260468,0.06142859853650757,-0.7187305393764298
216,0.36587084052512914,0.7819433865697226,-0.055521729816304495,0.3293278149115351,-0.85574065109175
171,0.7006583748134281,0.2824480047474109,-0.45330901201298407,0.2973284921564651,-0.09409973744334105
271,0.2786736604314359,0.33387162602333426,-0.15731528539848866,0.15251418072713335,-0.0015222502412540247
256,0.6955708984695785,0.8517357640052066,-0.8341609147295774,0.8862650273859313,-0.07750204920292397
469,0.36384492606072555,0.6671564949296527,-0.45018639374103425,0.855219135817996,-0.3458646702879539
349,0.09163441826900248,0.8352564937955337,-0.6508846551178344,0.8545433173644139,-0.9132947516918457
335,0.20545731453440735,0.3946190278636363,-0.5354998717788844,0.7685208776993128,-0.9704722312923979
183,0.6447471170813338,0.7676142158103993,-0.11159200436317424,0.3943634264045693,-0.9006146914831941
223,0.006263054623412983,0.126121302316959,-0.2660254819249072,0.548874388345545,-0.3229908994038538
182,0.1357018438791347,0.9576174995467569,-0.7726175243065665,0.9292442533988482,-0.5428429047276329
173,0.3778402258302667,0.22245443706322748,-0.29308604971455093,0.06063219129171011,-0.038838769515229195
143,0.49962280992357916,0.31034686091705826,-0.018159723430937143,0.6986753367530559,-0.5334298597493341
269,0.8754581028651339,0.8185918113512055,-0.8157307543894602,0.7488108040388238,-0.11225186399540338
167,0.20788427320986197,0.3570574472954389,-0.5145125604438903,0.47130039284723774,-0.872476128050018
206,0.33962065373059996,0.7383886338220358,-0.8779083829670781,0.025906455920973466,-0.851528660103058
500,0.633516838759048,0.12365919077319837,-0.06714836052006051,0.19976702618841663,-0.6173290335023379
181,0.7344559722007306,0.09755607231464508,-0.2616156323461111,0.02566787284618372,-0.6192871795300445
178,0.06867231432523074,0.07884170128616313,-0.8246624645206165,0.9064855731359892,-0.5997449812167243
156,0.22692586422583577,0.7855414843582784,-0.5080382513766707,0.05165321161909004,-0.5159922273628094
179,0.650978516628486,0.11754494218321249,-0.27304544786664026,0.13577789022925363,-0.6662913742313237
115,0.5437101754014676,0.5448424705260555,-0.4438911315750494,0.47479320530333274,-0.5087949309040312
377,0.6408607798974109,0.2147713007199445,-0.783820394362827,0.30024120864582066,-0.5951631226900701
186,0.31617836099375024,0.39643812892312097,-0.953723163527316,0.7208442637613289,-0.46070294241041837
288,0.17355175343851753,0.9671669817439191,-0.6603117122938301,0.8917029050257683,-0.24212792970709668
271,0.8978206174992118,0.7637231929907854,-0.6062356499869468,0.29745674433706476,-0.578243919148798
286,0.8900931941291825,0.9919700650533494,-0.16086214852594322,0.10212837482818776,-0.8046837403276872
125,0.5607255966621009,0.8489948243086892,-0.1771453534317043,0.7066449496932494,-0.7982004683795859
184,0.2868178803346206,0.9195597891534235,-0.062473219241765694,0.017614593574116273,-0.4536228216219899
108,0.6741366607799344,0.8437062973298658,-0.5044072700204041,0.1898893128808628,-0.9829050904283226
378,0.47137574764155693,0.16979359717168757,-0.11252903281964471,0.3976357038401022,-0.25508947382985386
327,0.3928974978705246,0.08703057779430617,-0.43342420113869434,0.881217822045446,-0.7243436427445994
202,0.4872487235069854,0.5945647227674733,-0.5525088434893306,0.6486041710483845,-0.037058019060965126
293,0.06893430165965658,0.7105599118741037,-0.658060560096348,0.37281731090416476,-0.3833999829800641
195,0.8829238724553163,0.47865500538643163,-0.5915682260316408,0.0402981347376385,-0.08823026175674326
219,0.4051693840453557,0.9571172866005033,-0.9138254620391739,0.4055528553258409,-0.3535844178281668
394,0.6246279583207229,0.9752195643497942,-0.7683572871840062,0.41863531493983136,-0.7140752695004396
222,0.7368966829893713,0.7787130882960074,-0.436594651148925,0.3138924066015168,-0.6582524310812685
178,0.35405681845513065,0.2964767618932677,-0.02836538896070446,0.6396213118557308,-0.31664411073875903
177,0.5172725742995786,0.49580784959932894,-0.6459291373162429,0.6149301833714418,-0.9144873760796939
198,0.8992753955587225,0.4478621274424423,-0.7264698957763259,0.01616832996744217,-0.8675549948262534
187,0.44591490752565116,0.9335298083069076,-0.2567727930601908,0.3213913642157353,-0.5514693462090353
198,0.585456723489806,0.8766418705634996,-0.7583894284373405,0.1390945071247826,-0.1659481865467723
197,0.885508715808302,0.18975778199542187,-0.1555479923247291,0.9687224459595027,-0.4103840534191339
213,0.44303520098176813,0.5734969405005702,-0.4516866774581713,0.24132640758313856,-0.8271687139381548
146,0.5117668709940582,0.887553870332893,-0.41301806072999986,0.21978783286766773,-0.508965157550937
271,0.7579604398691557,0.21573180163471511,-0.48124686160341185,0.6336152151338909,-0.4484881851796853
188,0.11618789698660287,0.7259831760961567,-0.34147634149006595,0.19359547893229384,-0.6869646619687649
177,0.38896614062525475,0.24951339213163998,-0.8933147912523938,0.792539721978646,-0.2134880808071022
161,0.2860195017881612,0.3776743259161132,-0.9607038307922185,0.2562746292062981,-0.9976839121281367
206,0.9301539312984634,0.08000254114471111,-0.7568694745555234,0.14693642928730327,-0.39808653136622735
103,0.3070250639218188,0.2504737001195961,-0.11668877437767561,0.01576804045811748,-0.34177462975252243
189,0.6168977656082534,0.05463216366726171,-0.14514015580328282,0.03501731841370132,-0.853009823065418
184,0.1355397582071553,0.49926236835615795,-0.6284215942831715,0.23204106642105732,-0.7975614698871231
271,0.05539044585015391,0.796464239565575,-0.1703352597342767,0.3172876280715949,-0.7873309806863997
148,0.058492544362097894,0.5606062901468619,-0.6283974067213706,0.550842304638612,-0.05999671899991194
195,0.5504936988389241,0.8599965239518238,-0.9412045051324577,0.6840606287874955,-0.7461835343789052
133,0.6732882083447936,0.7086822153966749,-0.9471228462966872,0.6030873738416407,-0.10901006538517116
273,0.3654555878625378,0.1575941035251301,-0.3290499614416525,0.32310892716331147,-0.9466965027383476
138,0.8715416250729764,0.9702817329912808,-0.28441488158140676,0.4988187160145899,-0.7665641926708218
152,0.47618935846529326,0.2356137980747675,-0.7595316725133435,0.673146664219244,-0.4465040330330426
235,0.47760852059785347,0.6671803351565733,-0.65219606671177,0.9525836387107238,-0.8273958394120061
182,0.7909534092646939,0.18812592461698802,-0.29449179954555443,0.9208773382672146,-0.5088957159725173
144,0.27876910223042567,0.8064326834476708,-0.3845598221156394,0.7772602776256401,-0.44656405242253744
257,0.8553480244571496,0.7838910292793932,-0.6325885960166737,0.4698727399315103,-0.9909584654778965
192,0.17101484671733685,0.14700844593339452,-0.9389533270876043,0.8002584849023724,-0.0010197661892961726
143,0.4175901029405085,0.5780240976853012,-0.3954501441787787,0.16329277143975235,-0.31220387327193705
190,0.6430195391345503,0.6215283743455561,-0.8833805864001563,0.11717303718889432,-0.6040536927206902
211,0.008205901795858178,0.29079881295030646,-0.9361177790325318,0.7522691611330984,-0.2105936673854188
110,0.5195187321240461,0.674737819404573,-0.3326655563210052,0.18402811400209534,-0.31040052582203975
185,0.7128820671721305,0.297663761817995,-0.6206640738913882,0.21863082923827798,-0.9131063817029287
263,0.8005777151764873,0.2389280342343621,-0.6942614300846872,0.44402075522634615,-0.10382837697164587
207,0.3616534285686968,0.5002354237748455,-0.00708013669278546,0.6636497176271873,-0.8446960409325301
182,0.15982536625932092,0.44707358106826206,-0.7711995560432319,0.825054036326834,-0.3841979482261169
337,0.39941847476862263,0.2794030373891437,-0.9459940816770931,0.7208582421404828,-0.5814683664609831
254,0.6255198204800669,0.6864110654175526,-0.9850156140521962,0.5703937670877318,-0.571340921238897
209,0.1726261174815274,0.388452930344187,-0.4267978857120997,0.8260843794025788,-0.3830533075513411
159,0.6642689523958722,0.32107948121989877,-0.9914737442171971,0.9696431937847495,-0.9009038840281702
243,0.3986580792482936,0.07414672683996221,-0.014736508717271007,0.2451460730852773,-0.48052721551978256
97,0.1474561929578036,0.9179391872690301,-0.11135766938701935,0.8372032635607062,-0.6128889587073058
124,0.2648555526622229,0.04294593924708274,-0.19698937096828312,0.9107425269667501,-0.9679934899702771
183,0.9121455576454646,0.353575005975946,-0.4603635156976296,0.18988182741427467,-0.7154669585783502
103,0.223343393192938,0.07216609689693604,-0.5594169703786911,0.8247044720100148,-0.9693608893980633
123,0.06681215301673121,0.9746817960359327,-0.1871868980272247,0.8568737744224215,-0.8613495857102623
201,0.8489573314356716,0.6339927377760248,-0.8342390680665628,0.8377688058813734,-0.0013732137506983818
185,0.15114078800903602,0.44356851549498394,-0.8963518313972024,0.5196203615871728,-0.6963064467626371
245,0.5569653386646867,0.21435215915929234,-0.8293753479047793,0.902402562137673,-0.6070857980916514
139,0.37995791321286404,0.8935628635232575,-0.7994031897464878,0.4348586203724573,-0.2521546869291094
90,0.934308950003439,0.5070773295667974,-0.6125472767413804,0.6090185016604666,-0.321414181447145
235,0.7038390798253314,0.11694126272490563,-0.8901338287775898,0.30340304408895497,-0.5607096459411508
224,0.5253144783764653,0.11324468479470867,-0.07068179112853484,0.7444252764900894,-0.485890320739136
128,0.3509121803710428,0.23506381131309767,-0.0400150302298093,0.07490416019185037,-0.9898647553636928
160,0.18589801514553145,0.12071062624047119,-0.7939562683247169,0.36389232786540543,-0.9402627318286503
193,0.0018401604968641457,0.38419918064186837,-0.2505489552950408,0.04316339462517988,-0.7553962644442277
212,0.33800510317653315,0.15259310683425226,-0.7933996140301701,0.133258481791323,-0.974111054703023
193,0.2470085949896456,0.5717434297096488,-0.8495886676153107,0.20884023220820475,-0.3776131015437911
195,0.33029699426567466,0.40670723290641514,-0.7038503384544041,0.49167565568739885,-0.365374838456259
158,0.5137972466801604,0.8999605452106206,-0.4766280236930563,0.3409821852499682,-0.34407227501280774
212,0.556961200368871,0.43986941902821003,-0.15593736839556166,0.10358297785797638,-0.8109106113082781
178,0.09282789820706644,0.6549131061240024,-0.6436269002792706,0.4332764808287804,-0.04985582229072744
179,0.3721477202375953,0.138764005261999,-0.9303794580520417,0.5332005387389661,-0.46630428414969477
179,0.17373095133123,0.3569492619832703,-0.18720643360936012,0.7559317297092353,-0.935084704397077
204,0.23420418809597482,0.4480672777218228,-0.2972091982375033,0.587196347704366,-0.7607174953300366
212,0.18986290211420637,0.25913082312038266,-0.3272543269250638,0.5834346176253793,-0.17327775400106343
157,0.9460150935258601,0.06022546190240025,-0.7565577165891925,0.16031315889629755,-0.6931993918308044
158,0.11226160411460967,0.15761504992266057,-0.42646917899583675,0.019006846991692923,-0.9098283741610043
170,0.5528841493829889,0.8012857229316633,-0.8545491235671133,0.09187142189630942,-0.7084398823282202
240,0.298797160091771,0.8926557376396587,-0.09362554538452245,0.42844951786162927,-0.8613683208114011
191,0.09819634716583453,0.8432098033787437,-0.16893869059641092,0.733543807687215,-0.204289708699895
132,0.8459419150056987,0.9231037729314088,-0.5069571520595134,0.5823691513983641,-0.596343706627144
185,0.4033475410578225,0.9330095414937598,-0.21880114674527046,0.9540986726624571,-0.15556691066437928
139,0.18694283752234458,0.6567300140787984,-0.8477615233829324,0.13282250986406102,-0.3850948515043518
93,0.66904853418994,0.4288091500261804,-0.4283722887114488,0.8065395092712484,-0.11687048604360678
181,0.5886607939764463,0.3221517946478379,-0.4509782876687633,0.9176081565423774,-0.57258496991683
239,0.5301365671440491,0.2766632508656715,-0.29773403128257286,0.2769492848814185,-0.5626225245344056
205,0.7052967921286992,0.5375323177322421,-0.7000585637632203,0.39531252308409043,-0.755265981339838
355,0.22862347095242813,0.9318656982943658,-0.23619864638657112,0.4702348939214647,-0.6597698649046381
151,0.014128634128049938,0.03158105181185095,-0.14703128233285973,0.322449020793897,-0.9801262123415194
197,0.4961662092861649,0.23492860433299462,-0.6849058708818972,0.39183439768452005,-0.8750386260632604
172,0.6778382244725567,0.3218733622329952,-0.7325032926598039,0.3494019110441337,-0.9015907637771624
207,0.20687620863121697,0.08386534182633293,-0.9833363101393912,0.6103995955752642,-0.47500992295181527
324,0.6197426982830155,0.37542177263451887,-0.0497636262281081,0.24631348595867536,-0.5816122930449987
188,0.7269268613099349,0.41748047501320146,-0.1633305762416422,0.5667251747337725,-0.8673655733764901
283,0.6601052160156679,0.14118076767194881,-0.15566623968360233,0.8885757096596729,-0.9791039516924511
418,0.4544392105951159,0.13377918193548038,-0.4300736519893745,0.9891156676937332,-0.6923488903305824
233,0.8196712957968235,0.3312926096300421,-0.6201496096181571,0.3023671329811242,-0.30405050164437325
244,0.32041230984188124,0.5362097038120169,-0.4117739979918141,0.7234377942409451,-0.6448399406693169
500,0.05475152633592701,0.36804673490739986,-0.04583539239084151,0.06500398193620444,-0.2945414985539551
182,0.9709314840504127,0.2292219329765473,-0.43097363813022466,0.5539017136998522,-0.6826195858801823
317,0.028783307993458025,0.14051834489297993,-0.7269883875450251,0.19716242368814868,-0.1750782085767822
194,0.13757364824993007,0.9026654705846467,-0.626235450421143,0.12287555706227188,-0.7516807882480997
222,0.1586993812215683,0.21558885339471007,-0.07919074054895908,0.6018195232727538,-0.9634147185533519
232,0.94499795366668,0.5590859866100064,-0.9921544853825844,0.5276148899103323,-0.5842543024506485
278,0.28908998123265844,0.7125678642860483,-0.9114857230428829,0.7787137567882292,-0.8806301342429561
216,0.9234520359111031,0.6843640128895918,-0.5201454187441069,0.3296608329257162,-0.852087518402239
138,0.4596673530352468,0.9221010194127623,-0.06370899910544431,0.3570334299403986,-0.6829453152943256
191,0.5637514737915248,0.9538485999460717,-0.02730900688945343,0.6379261551168436,-0.7921137197094765
176,0.43665361527931584,0.37474607505521146,-0.7535976910054683,0.27981746267420043,-0.6499688792372079
167,0.8507444410610381,0.9447744321465786,-0.8240378849933266,0.27637686838496917,-0.8727633905738019
334,0.8992674663537125,0.8419474720021992,-0.6095277203676286,0.7812339182386431,-0.9366878334031984
239,0.2690159235317951,0.21103864222785435,-0.6641783581311721,0.3070776945773673,-0.5987143072889685
157,0.40945830009313405,0.28467503457878623,-0.5719781919471612,0.6156557288037413,-0.807830475466622
194,0.9254078253269329,0.016206458966423316,-0.9689317771766657,0.9126803603759507,-0.8248913357142249
131,0.8755286152563537,0.1083802030043382,-0.9747863590392313,0.021564391080173335,-0.5335798738620094
119,0.2637458121600767,0.1408886326777367,-0.8447963792529467,0.7407961252867121,-0.08517389339668419
208,0.055525414738947405,0.9959515874718895,-0.33878640027771284,0.2832005991822922,-0.12347650487110035
379,0.14800937164714084,0.9354890253804102,-0.10738290239415677,0.7458330633247964,-0.25883892594700936
176,0.4696185899950452,0.7849361109156943,-0.9765012504441971,0.3410787032976739,-0.627324759559251
159,0.10422410187242209,0.210986862142659,-0.2606731112524388,0.6296484651175905,-0.17267345697058406
226,0.715596890078531,0.24646959027558896,-0.9962743165882562,0.004660267080586705,-0.032733061848032326
281,0.18488131298033145,0.5092428779041175,-0.0021435641270707902,0.5567412511436851,-0.44647233279066806
249,0.749700069384758,0.5792970041882091,-0.8648204868897302,0.9454231631714546,-0.261425110019257
238,0.15211652925396474,0.7087830642211064,-0.3681869592043239,0.6067927072772158,-0.4649580942882399
179,0.9259976924880043,0.024247347496113743,-0.32398879525170415,0.7581869061411385,-0.9116356994535753
202,0.5697409966848556,0.06871378661061583,-0.5945950310350618,0.7093797419960391,-0.9338094808192507
130,0.029270670707707787,0.25697184522600175,-0.2240436575039652,0.13789630866568897,-0.04085010109505633
202,0.505187635508016,0.5370908628521031,-0.33980703780962723,0.6929880989687734,-0.13837786153061743
174,0.8148279485333471,0.3572013155215455,-0.12358615152521851,0.2462913243139126,-0.8390892728572468
273,0.1292879325421627,0.12354802268353687,-0.2535929337232658,0.761516928467457,-0.06084496330625006
279,0.6380008492121008,0.8618877878590404,-0.28508044243641134,0.9592889126341115,-0.7432330929170577
169,0.7764597766762097,0.11026842048778102,-0.3233685110979631,0.7028948892169076,-0.6681950645861064
163,0.1484247344405502,0.07115983287292321,-0.7626716848815525,0.16588669986082533,-0.700989653763372
275,0.4053915688507757,0.9295548159697634,-0.800093417929334,0.5309462906446534,-0.40573042836188883
197,0.09999778824097932,0.7269525570535244,-0.5115613912520324,0.1105084637490295,-0.5506603440230118
226,0.7488230390360493,0.32754871161850824,-0.3044754509757402,0.9861070758315597,-0.618361432283829
167,0.5250720409795032,0.9645112850069157,-0.04974075535609341,0.863610138470182,-0.05954434697102224
166,0.3318346475912746,0.4474153689586457,-0.40390397727996036,0.37396838339561217,-0.8770959160777138
129,0.607587047740474,0.03987736798962067,-0.9556030332175811,0.0038438536671045517,-0.10752595957421512
206,0.4955812018054952,0.2650291040967921,-0.19620711364257964,0.9320258269449686,-0.06669511326110672
139,0.9092268951055957,0.45823319634986454,-0.9992117020215944,0.08604711805238568,-0.9390673100285071
144,0.3151790392007929,0.2874612820138061,-0.35612957625286706,0.19165714450525823,-0.3511490010559433
224,0.32811834210227325,0.41802649496931915,-0.6692682110064173,0.242827518698209,-0.7905914971681017
151,0.027144270125055,0.04911927663382038,-0.5156554180578121,0.37959536122986376,-0.48836404173432285
244,0.552068420341301,0.7966501156408612,-0.28870520859508214,0.5667108528087809,-0.5633129478977074
172,0.16717201284673128,0.010060363841807035,-0.5343610005791081,0.5944828850432115,-0.3292903750868446
233,0.386965565149537,0.5407857209281239,-0.4040527041527772,0.6910038508909667,-0.41430363601117076
123,0.9000558183513495,0.3517860111485965,-0.14842256983258645,0.441086859670809,-0.07780861063087602
294,0.3529657766118169,0.2971197915700749,-0.11013861285649967,0.1301047056590378,-0.1194528083813427
252,0.04021300071283058,0.5818105291694751,-0.09737936621208393,0.7271533898710657,-0.07733593168632363
148,0.33180505405541255,0.38891873063136057,-0.933266731450182,0.556514249385666,-0.08758681527012518
190,0.5067692199536906,0.08172156831685778,-0.25005975687161036,0.27353067251048974,-0.5527133082943135
204,0.8815001688532917,0.975948606885281,-0.6718681670975555,0.8379228111195687,-0.8200878779335973
208,0.6277518444334016,0.8746579633190811,-0.5721267400460783,0.48307398082104475,-0.09903687514809562
192,0.501420740739877,0.04760711616588948,-0.590970365445635,0.5922609516295354,-0.08774188123802956
271,0.9530637014832712,0.13560222353225476,-0.28752886165250485,0.012060293542694616,-0.4533636298648341
268,0.6009647071311697,0.11318883372651017,-0.821025389466424,0.45342016169974547,-0.8872285133889386
161,0.40809180163078346,0.8382184175859264,-0.027920021555649606,0.22161613471454705,-0.594441363438583
130,0.9966982820682142,0.3433459079805336,-0.03616001202274661,0.5905128417288735,-0.42274592468747635
159,0.5247175838693175,0.5198922177303038,-0.5841215733959783,0.4163462358025793,-0.8267007939341631
145,0.31180544856518216,0.9605720654417653,-0.12335896220688397,0.15721049697516282,-0.5909626748845574
283,0.6329215136145014,0.37499594816929666,-0.4713612053608977,0.6414234802297247,-0.7577420973426431
143,0.8821346347402593,0.8045934715648271,-0.8221927184901855,0.8361688063851761,-0.21516268413765244
180,0.7460328991530416,0.7561874128572065,-0.49787059507015324,0.7744622101685267,-0.9666137414678716
161,0.4672558586322341,0.844684216861492,-0.2623065428515578,0.011226344446406971,-0.14057276873707442
218,0.09100204607157675,0.003856007147452439,-0.9401239020592089,0.15927278289870822,-0.3796064421378514
306,0.8331037444276698,0.562050892682438,-0.07897392452155955,0.07449473848200933,-0.15903649698689654
252,0.9400315877043708,0.24188211167331292,-0.5363406531636365,0.2579390022700208,-0.5704842261750575
191,0.8034557924553273,0.3715896137099733,-0.7996855754467302,0.13730250675455052,-0.0471498906944588
259,0.4127865676033911,0.10902530336969835,-0.02477292755398925,0.996547162618401,-0.2355869371647899
299,0.6872825299462797,0.8366728347880107,-0.49922324089749087,0.8470027295485723,-0.07555755689384985
227,0.013620791041977281,0.15298189547177127,-0.28978711471652613,0.22742682907809403,-0.26672735794992314
250,0.6726353476194175,0.2994629902582005,-0.17730606845410418,0.952820934004491,-0.5542938000925186
128,0.8233518967976495,0.9400537458328329,-0.7049997172645205,0.18416726133716405,-0.1650615901623837
223,0.2580561289953341,0.6019880093543725,-0.8601720951930187,0.7532423498912683,-0.023949634330067977
142,0.9107506167804037,0.5471732822366974,-0.05002293316358981,0.9503001599825861,-0.9690467933168528
154,0.5704831765523518,0.9123896212482534,-0.33197256598799346,0.08808077110597773,-0.8672757956648132
202,0.7988724758213865,0.5525886218707181,-0.45013329267520147,0.8618652526783549,-0.5742549883368296
229,0.3233847649472233,0.852034403041798,-0.5083360997929351,0.30662490441190854,-0.5109456134445094
310,0.8025648471681085,0.5528018330987615,-0.3739351369105444,0.8097032415856685,-0.9203497911953157
206,0.6076074129196881,0.40134574677628904,-0.4457559278073269,0.7985351103887461,-0.2010806683527701
158,0.03596924115458828,0.5604746690589033,-0.5035130135609321,0.5689760578492027,-0.3322429421266044
133,0.41937684520309365,0.5491359759125618,-0.834461036678171,0.7169640639656375,-0.5149791464455856
184,0.02178838355721597,0.13079758543264436,-0.5838544060495597,0.3802376548164636,-0.637217865144366
257,0.7728192484017627,0.9538363157067461,-0.10541728297855862,0.30651155807124725,-0.31859508514088714
172,0.6967471930675346,0.19612734579847363,-0.7769899558798434,0.9409811409530563,-0.6270433172424954
112,0.9637613080010128,0.84171689920548,-0.9589490383478693,0.18167119329562026,-0.23989695297435282
308,0.9032202458697084,0.3408391360351955,-0.27748207910559836,0.5741110956924691,-0.8372547222344929
89,0.8199500381165079,0.0445100499699786,-0.6068898308842994,0.48622740618763166,-0.06072697111287068
189,0.40584637340448576,0.6227918651460378,-0.5269450378195955,0.3929140495607593,-0.2805085537375693
231,0.3837489223788621,0.9036317463457502,-0.9913858925165132,0.5226155033571753,-0.21836377415791625
<<<<<<< HEAD
120,0.16811754124282724,0.07267927951008418,-0.3618408203780102,0.5062337681468828,-0.1327403973992734
113,0.7948553731741331,0.5585676613155262,-0.6524162531316625,0.667365316968518,-0.09541269906215583
95,0.6738960301079095,0.22635809394868384,-0.34459809342531816,0.2606997831421813,-0.8231483736459356
97,0.2907955918352226,0.6881544393384889,-0.39256448865737265,0.7066855923618025,-0.36214734372864826
90,0.5331083674638954,0.407407878901436,-0.5259590508386363,0.6266305809203891,-0.4134353992599156
98,0.7767131945926862,0.9307182132101413,-0.18601480013756305,0.9330583487462363,-0.3014388429344457
122,0.2138349781294861,0.2020619729368312,-0.136173071472742,0.9675471494078607,-0.7329013186469645
63,0.39170976195582047,0.6084520227900778,-0.5910733846350222,0.4567019908330516,-0.3143130032504216
107,0.4127939021522174,0.5285224111882794,-0.6098594425624793,0.28776555206457316,-0.9916080559328775
129,0.20201325861042801,0.6203931984021877,-0.5720829516068456,0.8521921039577534,-0.5684742840920382
108,0.21721519503624692,0.573972659505211,-0.8103999522967084,0.4398699918643832,-0.20844529840569997
105,0.09537734924114233,0.5779697672852651,-0.8623364403351532,0.6825024222384933,-0.27107521008859775
120,0.5300126945265832,0.13473760224712678,-0.005887878399161,0.23019956186328056,-0.03545524841324028
108,0.7579649068928045,0.0034475794945128587,-0.22870612760855052,0.30573061902813287,-0.9890824857573636
=======
<<<<<<< HEAD
130,0.02673405259207535,0.041035149851954285,-0.26625709914111234,0.3738733134955629,-0.61945665012212
97,0.6980990390226126,0.771181227248839,-0.7616016725408048,0.005776960270712011,-0.37776242185179004
92,0.26901214766168985,0.4521531491889514,-0.1156852214846042,0.8248088150145924,-0.37911847193134335
161,0.4855317177602582,0.4722299193412343,-0.9346020982738226,0.7387832462493746,-0.8407164850266127
266,0.1107163213533711,0.45001234620028147,-0.08107342005511224,0.11469228315767126,-0.9162018715364693
=======
108,0.9464130485107548,0.19929235861633382,-0.2627519793619791,0.29765276444253447,-0.7389165155868641
125,0.5951328965353186,0.20910057938270238,-0.03851566189992912,0.06770664869342152,-0.30033118252627583
84,0.6020500994950886,0.6604034235323626,-0.8982975676822784,0.6500131918760851,-0.9635725155056754
105,0.8508872663664228,0.8406515015629903,-0.20320994492279204,0.2172206986530189,-0.47612241378979675
101,0.3043444479756035,0.1263240750750449,-0.9740578123459115,0.2478917342227594,-0.415643644286494
90,0.011898260018043788,0.178214638306798,-0.3410566802146378,0.4001095388955232,-0.037649913548594545
89,0.388136137702957,0.3470786657374642,-0.9626885570013431,0.16980169978948706,-0.11282138044695861
100,0.24949662582840854,0.6879372203532748,-0.2659300221603122,0.7328784097535006,-0.17349360652916018
116,0.1282530477309603,0.8390150630027041,-0.23375074830744985,0.0698073925137917,-0.5341774953560351
94,0.3861107459094176,0.562280039375021,-0.6974858360958897,0.1961757892881844,-0.3970694799917463
108,0.40295624725535756,0.10180934279074055,-0.8608753920191379,0.9151449500293177,-0.7446498007873439
92,0.9767590651870224,0.8965122022746336,-0.1382759886895672,0.4901233693317559,-0.7010473329749513
123,0.4086188850669393,0.16242618510895285,-0.7129743639318997,0.43585882947774496,-0.12834033870551892
123,0.8175697754402532,0.11540858506078339,-0.38438269815886855,0.42397805019878293,-0.7747706388247314
112,0.2446890233095282,0.24970606916335542,-0.5031400942811166,0.8637750818896172,-0.560316506574764
89,0.645164205157918,0.4259266387081713,-0.2693421476072921,0.16551145642753856,-0.3929390924538048
98,0.0021849946599198974,0.821513242844275,-0.4905120520796427,0.891683649623158,-0.695568736878554
97,0.13422198742066443,0.3460782209032533,-0.8161782635024498,0.33189998315735264,-0.6545012273139016
122,0.45358535201855615,0.2542228032092709,-0.8538248822527112,0.2575530523979876,-0.2441655027276946
94,0.8557480268446838,0.6402478836093592,-0.9760628637803861,0.4180157752401558,-0.8273068751320751
110,0.763011106586435,0.48842153396619264,-0.9942513175605121,0.2271761503738045,-0.3706689615131608
109,0.3157156704298992,0.22718709524141628,-0.2946200299267076,0.11284082909257936,-0.15879054538115872
129,0.8166924069715434,0.4814361979069473,-0.14850689797402633,0.44438619299069676,-0.29826773039729043
117,0.4447267329171392,0.8177457126481763,-0.943291996700826,0.3627530510048385,-0.5069054485468563
112,0.4987946431304853,0.2736609392491099,-0.12608364079310114,0.9922740231556332,-0.5209467714221877
107,0.2090694805210343,0.046267308359337074,-0.4090694709881864,0.2586814154143335,-0.9736043875446381
>>>>>>> branch 'master' of https://github.com/professionaljesus/hexagon.git
>>>>>>> branch 'master' of https://github.com/professionaljesus/hexagon.git
